Size 810,2
1.703469845231469024e-07,-4.177423117907764063e-07
0.000000000000000000e+00,0.000000000000000000e+00
0.000000000000000000e+00,0.000000000000000000e+00
7.478599629348385752e-08,-3.919066126374196746e-07
-6.303702287405661261e-07,-1.086123521165526068e-06
0.000000000000000000e+00,0.000000000000000000e+00
0.000000000000000000e+00,0.000000000000000000e+00
-2.526787991900441182e-07,9.571568971540642778e-08
-3.536267973723957048e-07,-1.555361433999901730e-07
-6.221455510655518835e-07,-1.029803441455711308e-06
2.056649005450745857e-07,-4.151764058079991526e-07
2.976963269412436234e-08,-5.440253019421048610e-07
0.000000000000000000e+00,0.000000000000000000e+00
0.000000000000000000e+00,0.000000000000000000e+00
1.069773505213006220e-07,-3.850939866621287479e-07
1.013090129731679202e-07,-3.822496096390392254e-07
9.412786596993853386e-08,-3.714245604489349242e-07
9.960873731656270962e-08,-2.974956015241479990e-07
8.859824913158067911e-08,-2.958776271081475200e-07
8.139903794864472862e-08,-2.880583791642117854e-07
5.836741106786043942e-08,-1.957799952362585112e-07
4.397212179384827174e-08,-1.904715724771806918e-07
3.150688023244117363e-08,-1.575517859289779002e-07
2.670711313796033096e-08,-1.431200594622782922e-07
-3.472542072361878584e-09,-9.803505738109670531e-08
-2.262247726567864249e-08,-8.319826016141466660e-08
-2.520779130789484117e-08,-6.825075409590991235e-08
-2.138493906095733782e-08,-5.050042247634190615e-08
-1.422398605592684690e-08,-2.110707360275794124e-08
0.000000000000000000e+00,0.000000000000000000e+00
0.000000000000000000e+00,0.000000000000000000e+00
0.000000000000000000e+00,0.000000000000000000e+00
0.000000000000000000e+00,0.000000000000000000e+00
0.000000000000000000e+00,0.000000000000000000e+00
9.707525897635334868e-09,-1.528094812847687842e-08
1.567406500496180267e-08,-2.897543759197258629e-08
2.451479671707551043e-08,-9.255710365861448093e-08
4.229695725683641146e-08,-1.081995002829390630e-07
4.934914368930911595e-08,-1.766375015319929255e-07
5.070091217670360318e-08,-1.932180399067284538e-07
6.745771950989982581e-08,-2.284270008572910039e-07
9.397585734764556663e-08,-2.434832548952587206e-07
1.035786249102169761e-07,-2.631186275503560431e-07
9.948626265780599106e-08,-2.877563130770676069e-07
1.056092976391279245e-07,-2.982728420133829314e-07
1.092697119872415258e-07,-3.234548886192170810e-07
1.150308847134647674e-07,-3.343095158667788947e-07
1.201373256570794297e-07,-3.429727121605821978e-07
1.190877948131109531e-07,-3.577440137373708453e-07
1.143417074945970053e-07,-3.669274371665215797e-07
1.041466472968201733e-07,-3.761414734926779594e-07
3.944301104389851953e-08,-4.459859300386844099e-07
4.408902499041974631e-09,-4.957355645002191380e-07
-3.262734271721792326e-08,-5.463996958008908551e-07
-6.930032272768701934e-08,-6.006786523678115469e-07
-1.137838377919297873e-07,-6.512974755580783126e-07
-1.609553490148574043e-07,-7.064652368858304734e-07
-2.098127331372636595e-07,-7.591664842556534350e-07
-2.534719299828052501e-07,-8.058940466027676883e-07
-3.005784421225962883e-07,-8.481931476291930214e-07
-3.506215488465373298e-07,-8.870249714151332737e-07
-3.985706192110669755e-07,-9.210975801598537176e-07
-4.457245383121254943e-07,-9.513772899664353694e-07
-4.906420573569719791e-07,-9.783851381666737502e-07
-5.335359609066850914e-07,-9.968967512211254746e-07
-5.663869812714991383e-07,-1.029108131348957436e-06
-5.947549099842393891e-07,-1.046591955825676283e-06
-6.187203663008510433e-07,-1.075044197209916788e-06
-6.328355804551909545e-07,-1.095878773462724927e-06
-6.251341443731913188e-07,-1.102892204113684261e-06
-6.012324246435020965e-07,-1.138648541112959675e-06
-5.771986863237505558e-07,-1.139523957731157394e-06
-5.472103052659015712e-07,-1.136263265772157217e-06
-4.734779139987484877e-07,-1.198565604101384980e-06
-4.055685849708594199e-07,-1.157211035066231855e-06
-3.463036488707481977e-07,-1.121621575425490487e-06
-2.971036177807084924e-07,-1.087974655230461431e-06
-2.267058603298529073e-07,-1.053365264681165196e-06
-1.735918633044179664e-07,-9.999452100135045034e-07
-1.072748899090326161e-07,-9.408544386584424010e-07
-4.677773657886613337e-08,-8.750691641346812544e-07
5.069589964266931464e-10,-7.971103378689681099e-07
4.321560271411571678e-08,-7.160512557086785948e-07
8.125565933017199062e-08,-6.288054412962936699e-07
5.380759115415327949e-08,-4.839250907397493385e-07
7.226697364521104469e-08,-4.040541470082127025e-07
8.521317874810051209e-08,-3.267622420334304605e-07
8.842306522420009990e-08,-2.450226675495957325e-07
8.605636935691853623e-08,-1.608362224479633629e-07
0.000000000000000000e+00,0.000000000000000000e+00
0.000000000000000000e+00,0.000000000000000000e+00
0.000000000000000000e+00,0.000000000000000000e+00
0.000000000000000000e+00,0.000000000000000000e+00
0.000000000000000000e+00,0.000000000000000000e+00
0.000000000000000000e+00,0.000000000000000000e+00
0.000000000000000000e+00,0.000000000000000000e+00
0.000000000000000000e+00,0.000000000000000000e+00
0.000000000000000000e+00,0.000000000000000000e+00
-1.903974279306795300e-08,1.470908689741728815e-08
-4.519516294576014370e-08,4.330032301906380428e-08
-6.925428224551420360e-08,6.722612542986174242e-08
-9.581133518564840092e-08,7.457865176020626028e-08
-1.245150722465268979e-07,7.989972701226548353e-08
-1.582009150159809550e-07,9.334474947223772517e-08
-1.823227622076505450e-07,9.458887284243234046e-08
-2.073085535013457652e-07,9.568207393198833639e-08
-2.303718162540225743e-07,9.572796131267883703e-08
-2.527287318831342489e-07,7.559900116695124393e-08
-2.582283024478999431e-07,5.733450252015103834e-08
-2.598112489328865351e-07,3.918986057817110144e-08
-2.603523432059955551e-07,2.153469080997466459e-08
-2.641898317386073907e-07,7.732364160958140143e-09
-2.934589385202861176e-07,-1.262503972158876876e-08
-3.005983094482445801e-07,-3.932978505039336799e-08
-3.153536083240629341e-07,-6.916154009550053599e-08
-3.287597135168436274e-07,-1.078242417757156457e-07
-3.758708641304495863e-07,-2.149795491664823292e-07
-4.026925004161508646e-07,-2.826404556224047375e-07
-4.451325015656435558e-07,-3.662248034914701803e-07
-4.828695767650776714e-07,-4.528019997843596329e-07
-5.121154015149948695e-07,-5.795867746548149279e-07
-5.646751543833139028e-07,-6.641911651471679093e-07
-5.755441192077217974e-07,-7.600972491607996860e-07
-5.968719836189026924e-07,-8.311730308412801944e-07
-6.206932547783574544e-07,-8.668703159655650543e-07
-6.271893409701781785e-07,-9.485502323929620908e-07
-6.188405877642839294e-07,-1.024834790514382261e-06
-6.061762297076016607e-07,-1.148607571613920947e-06
-5.809419336537157660e-07,-1.151093942081411644e-06
-5.580438582983855190e-07,-1.152229110238304768e-06
-5.379389601003910306e-07,-1.150730565416713177e-06
-4.988319583354891928e-07,-1.225298168462045533e-06
-4.556292949678362477e-07,-1.216609197645828250e-06
-4.237306507212901372e-07,-1.214972692942192074e-06
-3.927586622393438712e-07,-1.207620872251956723e-06
-3.309708125970970156e-07,-1.227772746434065154e-06
-2.826175898843698564e-07,-1.204084787954993034e-06
-2.244825921640124336e-07,-1.200328178832106225e-06
-1.791619337374302670e-07,-1.176183127488336889e-06
-1.315155182106881660e-07,-1.150220184970278747e-06
-8.755258370267284343e-08,-1.121008085198107182e-06
-4.322751137266317112e-08,-1.087344511796146543e-06
3.002449256008387552e-09,-1.046875513748047715e-06
4.639886483123351343e-08,-1.000648302327309927e-06
8.466877104375711834e-08,-9.518198599746225529e-07
1.191264314636958314e-07,-9.007171971785792462e-07
1.507085161857920127e-07,-8.460368240631479913e-07
1.797838750344590608e-07,-7.884566555220106789e-07
2.050830190367790972e-07,-7.267017429869054384e-07
2.056289354291685627e-07,-6.587819177305126524e-07
2.160192370387056566e-07,-6.083046136423643421e-07
2.173110111031991522e-07,-5.589253865537391413e-07
2.159176341545964407e-07,-5.030745093015386096e-07
2.110265204909233094e-07,-4.583767216531309816e-07
1.077385575063787461e-07,-3.975669163967478126e-07
1.044560434612267274e-07,-4.064209219898861273e-07
9.372219175158338696e-08,-4.115516149746185366e-07
7.839689117877362124e-08,-4.205032027520041174e-07
5.188394377247525595e-08,-4.390278101096822215e-07
4.336442777951275234e-08,-4.701590388792613072e-07
3.117663007015305841e-08,-5.077306794218614066e-07
4.685369549175705694e-08,-5.824478273097501912e-07
7.699191079847335232e-08,-6.250928311458574789e-07
1.079885566895174621e-07,-6.770669759279542390e-07
1.526314077210438433e-07,-7.249716772889958969e-07
2.028287206765506121e-07,-7.756434331449507778e-07
2.575517811003565450e-07,-8.281423871504275252e-07
3.172458834737702036e-07,-8.795297182240418270e-07
3.799304494666482141e-07,-9.437555780276925527e-07
5.306780733682090694e-07,-7.944608868259610632e-07
5.130341386548366825e-07,-7.716857868171470409e-07
6.181322753836437054e-07,-6.452741167460034189e-07
5.690821022106608654e-07,-5.774261237732912859e-07
5.462571875782145303e-07,-4.971857882484767854e-07
4.933667003839114599e-07,-4.192487295659169997e-07
4.482902332043525724e-07,-3.233984374074113519e-07
3.786204276654136237e-07,-2.410251865813155774e-07
3.121814540778955988e-07,-1.605842923817174666e-07
2.419220668426117150e-07,-9.135990762867568748e-08
1.706940985496160332e-07,-3.459280310221260812e-08
7.995422330166192084e-08,-7.000140125804012340e-09
3.131604115997961283e-08,7.511309627570898924e-09
1.247631572660289950e-08,7.194378339269768031e-09
3.909636203344422514e-09,2.155237053399957147e-09
0.000000000000000000e+00,0.000000000000000000e+00
0.000000000000000000e+00,0.000000000000000000e+00
0.000000000000000000e+00,0.000000000000000000e+00
0.000000000000000000e+00,0.000000000000000000e+00
0.000000000000000000e+00,0.000000000000000000e+00
-1.701318730019850352e-08,-1.378844041680663472e-07
-5.472355477788720855e-09,-2.371900521492679296e-07
4.746319439283562526e-08,-3.195577668080930229e-07
1.062570159275419975e-07,-4.058438035448297146e-07
1.661758997616760833e-07,-4.966137619755025228e-07
2.332506430294548865e-07,-5.771629748548950042e-07
2.914520397877720513e-07,-6.586519307444167568e-07
3.538186874274978225e-07,-7.243560178797772426e-07
4.166020658019644265e-07,-7.795778947034397732e-07
4.682741072382036833e-07,-8.179407279064402060e-07
5.226749915537073506e-07,-8.191419418722009578e-07
5.390638120177635201e-07,-8.028524179342582284e-07
5.280838781639116087e-07,-7.799793833519325666e-07
5.101130093069013874e-07,-7.390156373408709511e-07
4.764050513208730837e-07,-6.819349330741441489e-07
4.227055417077864244e-07,-6.238003137376420678e-07
3.628085023141560728e-07,-5.688520165534800961e-07
3.069874290659470892e-07,-5.170105850342357481e-07
2.417470565994491529e-07,-4.725967648610918388e-07
-1.178489521717224800e-07,1.142917480647535059e-08
-1.148700571093123983e-07,-1.349333388784823970e-07
-1.830032869013202611e-07,-4.376364590033778213e-07
-3.260182701045278112e-07,-7.910667389349467894e-07
-6.420755646117237452e-07,-1.080267672397286719e-06
-5.790283092189776817e-07,-1.110697207851591830e-06
-4.508885282178928631e-07,-1.104263038887150888e-06
1.116290649624669220e-07,-3.863659097850422795e-07
-3.046810826397342926e-07,-1.071705673264708152e-06
-1.528210896545141318e-07,-9.649234104967095128e-07
-1.882712762513639630e-07,3.820522192597259103e-08
-5.376863544351236324e-08,1.421135613666340756e-08
-5.969274400497568496e-08,-3.116121022662870523e-08
-1.876222488415597748e-07,-5.594217701483265113e-08
-4.505675908063956516e-08,-8.172768819992499412e-07
5.648177541068502318e-08,-6.584405760315880127e-07
-1.023331818259513845e-07,-3.114660094312063126e-07
-2.212440586786485588e-07,-2.590888220662892626e-07
1.308431762665894644e-07,-4.069692052257200648e-07
1.059228614340615841e-07,-4.888012110124224083e-07
1.088388494013222591e-07,-5.063835247857325215e-07
-4.089051517544102779e-07,-9.759700146492324583e-07
-2.019817656963420632e-07,-7.184765295052296039e-07
-3.128623593597769180e-08,1.085673544479586440e-08
-2.097082134479706516e-07,5.184335567655614863e-09
1.063499764726471920e-07,-3.848621592044650348e-07
-6.134179458547158601e-07,-1.091598435443911328e-06
-6.028554966248862319e-09,-4.382309351682393029e-08
-3.345074447547733657e-07,-6.218491313990335660e-07
-5.546164499241618969e-08,-7.533168656606301470e-08
1.762046085646700038e-07,-5.769397800662081443e-07
-6.371377587461522428e-07,-1.006404372672742779e-06
7.072832523050002941e-08,-2.363058801804202015e-07
8.218388087788765236e-09,-1.260099413588443161e-07
-1.167019715926745076e-07,3.558781514972335498e-08
9.371615822009416032e-08,-3.021152912234600756e-07
1.106247065856476243e-07,-3.424721166606870438e-07
-6.119345577003414664e-07,-1.107137955664253924e-06
2.834472678969758091e-07,-6.668015151263758385e-07
-2.425159341672209249e-07,-1.478215847680837441e-07
-5.105249913339983732e-07,-1.153037242256276179e-06
-3.437848571763155345e-07,-1.145208320470998139e-06
4.273099467131854846e-07,-7.706511095587384891e-07
-6.251421781179368020e-07,-1.091066712135923773e-06
-9.753631581970334832e-08,-4.612878552352337792e-07
1.040592907424158670e-07,-4.245927112434918559e-07
5.203269103935182879e-07,-8.230903783031845795e-07
-5.322267026666994702e-07,-1.082954260256403584e-06
5.115560878647129100e-07,-7.242292073479411792e-07
-1.843803988483974132e-07,-1.062847036255275573e-06
3.514980865033408151e-08,-1.697069803730526916e-07
-4.102960951515491073e-07,-1.056033933920644862e-06
4.281170720689002716e-07,-5.791866179556144685e-07
-2.291258647372676874e-07,-8.646015900809633236e-07
-2.709539892746963238e-07,-9.718212156972139316e-07
-2.389413972375042858e-08,-9.255503107786638746e-07
3.111863352692621015e-07,-4.123641082870816414e-07
-4.365535262024286525e-07,-7.454865306295255267e-07
1.290775844209596212e-08,-3.256635374078935846e-08
-5.950995236256887247e-07,-9.490191069609679810e-07
-3.283250726936979014e-08,2.189624880952348546e-08
-2.093350752170776787e-07,5.863450200539924148e-08
1.885434575873930891e-07,-2.486198192929975281e-07
-1.667862085062799129e-07,-8.430642706653414266e-07
-3.157033039920544826e-07,-3.942251997981696334e-07
7.775297409013486021e-08,-7.807204793801389199e-07
1.205838299617506210e-07,-3.947854004234970377e-07
-6.401687044021532487e-07,-1.077810497216209544e-06
-4.920364367789658490e-07,-1.079136059254313607e-06
-6.357841928256949753e-07,-1.095495146021071325e-06
-5.676720190948222865e-07,-1.139443589982593464e-06
-4.669657425745219782e-08,-6.982687293287449353e-07
-1.599468737600354228e-07,-2.351185814270869471e-07
1.409522356192724673e-07,-6.067533760273696671e-07
-2.347202640173825238e-07,2.150780067533431861e-08
-2.183701854308891662e-08,2.979868603172739683e-09
-4.131707509906333089e-07,-1.180079449084251220e-06
-1.357276565920955175e-07,2.747227143575069305e-08
-2.627200065714764879e-07,-1.111279398683490230e-06
1.307036644616953214e-07,-4.058339967420604899e-07
-1.598921988705813469e-08,-1.461674342218810744e-09
-2.438766007081182590e-07,-2.967064645641936038e-08
1.477121470675995786e-07,-4.843636697406484669e-07
-2.919458091251852305e-08,-2.194952235828159047e-07
-2.324572630554715155e-08,-3.231774869631695805e-08
-1.655252593072902470e-07,5.516142122313541655e-08
-8.536380797547142233e-08,4.041311798297969071e-08
-5.643132757800002657e-07,-1.098033472871825378e-06
1.082701358951074034e-07,-3.665716063156290751e-07
3.147883760429370400e-08,-5.657801205532200214e-07
-6.388978026057945007e-08,1.351502332475338453e-08
-5.934529744691794891e-07,-1.081681742580941360e-06
1.012174136474448285e-07,-3.885521036216333247e-07
9.082402485001977161e-08,-2.907635118137749085e-07
1.069291800435211437e-07,-3.276111136085452830e-07
-6.874177197824812890e-08,5.282385460670066791e-09
-1.705942957253091877e-07,-1.180987868214041511e-08
-8.719255589043738285e-08,-1.030940547364707788e-06
9.567866956348337059e-08,-4.477538308045228973e-07
-1.156285232676868424e-07,-6.972193061732971337e-08
-2.651760723533215180e-07,-7.410494113744582469e-08
-2.522728288715456142e-07,-6.419046291302646747e-07
-3.224505121984258687e-07,-9.703822124505284750e-07
-6.372418738143141544e-08,-6.591825859441289799e-07
-8.529261408587742553e-08,-1.770555489131389675e-07
5.173771469694995265e-07,-8.069236453310858719e-07
9.769391488655549817e-08,-4.031638388486060107e-07
-5.064731607378958057e-07,-1.056589009471845016e-06
5.226005660656852307e-08,-8.623127166718843769e-07
-3.444708009771248767e-07,-9.849698566375869171e-07
-1.776563083502164046e-07,-9.875596358224083856e-08
1.132085796467454817e-07,-5.583663491589299903e-07
7.207741173514191933e-08,-1.466371966621741882e-07
3.100681869378245500e-09,-1.721178942579763703e-08
-2.181296320965092104e-07,-8.834191790700766157e-07
6.855655647017513179e-09,-2.033543482161141475e-09
1.036217800957080087e-07,-3.795045724650617904e-07
1.584485949205735665e-07,-4.992828832525048466e-07
-1.974181266900005382e-07,-1.827959490738901430e-07
-4.035568757873819638e-07,-9.010927989700705868e-07
-1.818757719037677732e-09,-1.475111314103248837e-08
2.616298587666955865e-07,-6.188397989265372164e-07
7.844004794248251395e-08,-2.643102287856673117e-07
-2.840312771579269733e-07,-2.029135101668364622e-07
8.293112297193912138e-08,-5.128457663387282474e-07
9.732050653101567135e-08,-3.114867746830041594e-07
-4.955408953092744597e-07,-9.800182060334051934e-07
1.087438914805022952e-07,-6.869359097311440883e-07
-1.611500391648090200e-07,2.078405706872701687e-08
-1.531500268178923470e-07,-3.710620338171749878e-07
6.105402091512659431e-09,-5.146301917186516057e-08
4.536370550002898327e-08,-1.615107626306357291e-07
-6.424588411622339953e-07,-1.063267884087662634e-06
-1.104477310212566899e-07,-7.581800246840546609e-07
2.173143193109527321e-07,-6.425805024054922431e-07
9.102180259188072531e-08,-4.558710881075349565e-07
-6.361558626979632198e-07,-1.092307285439584440e-06
-5.899660465022815761e-07,-8.426776883579168987e-07
-9.190460210458873015e-08,2.114306306348705801e-08
-6.117522427168206786e-07,-1.058141279992822569e-06
2.168092435420505760e-08,-1.496580323926340091e-07
-1.708370204995979816e-07,-5.953576716678766124e-07
-2.350553607094853763e-07,-3.379254228300700791e-07
3.788358689670589081e-07,-7.344332986569994033e-07
-1.078471086824566699e-08,-5.566130526787297102e-08
-6.313179987129313875e-07,-1.019856971371149560e-06
-5.504954299062069881e-07,-1.112285817073761147e-06
5.020715520938354352e-07,-8.258955764995062840e-07
1.556167358282496224e-07,-5.337891610287273784e-07
3.451597777550006868e-07,-7.506755872239107529e-07
-6.307446304802587431e-07,-1.095479901860130377e-06
-1.852643956401869860e-07,-8.096258805589462567e-07
6.917838860228739982e-08,-1.965920189730191225e-07
5.274193368954256012e-07,-8.154838892504874082e-07
-2.571989738386347020e-07,4.181482709888042132e-09
-1.040441195497232479e-08,3.326542586377703027e-09
-4.023513310232615997e-07,-1.102456756616192830e-06
-4.212916600211080302e-07,-5.920035349661387122e-07
9.209002405249767978e-08,-3.895053496939402271e-07
-3.977814964407908961e-07,-1.055346303769799868e-06
-2.692422859407450971e-07,-5.200407345047783321e-07
-2.313421506998122379e-07,3.888538721331413185e-08
-1.447769343835620342e-08,9.739801046058173501e-09
-5.804875723879277612e-07,-1.120997078310107796e-06
5.666458185332555001e-07,-7.257658720342396931e-07
-6.212640970945430430e-07,-9.680261500357419088e-07
3.333593926906009240e-07,-5.797105521512028835e-07
-1.488350632816768618e-08,-6.225778975880765010e-07
-2.596749582411434317e-07,-7.333449279747314820e-07
-6.186161689408877838e-07,-1.121098833654955364e-06
-3.247401327102699858e-07,-8.793695535783909277e-07
4.480042021260271578e-07,-7.209373457801992946e-07
4.062431973816390788e-07,-4.187468223979892567e-07
5.073966377137313297e-07,-5.796496816614111164e-07
5.749323744433206693e-08,-4.987400815250128389e-07
-3.461502906041254501e-07,-2.990103896470269322e-07
-2.372631077242595345e-07,-1.043111993609434704e-06
2.117882937582492510e-07,-4.102969821692207969e-07
-6.187470936497930089e-07,-1.109483200827888276e-06
-8.233912657795965774e-08,-7.380622210160143384e-08
-5.146962577136138209e-07,-7.473712408451676745e-07
1.090472901465186377e-07,-3.864013406947338916e-07
2.782735203355874393e-07,-2.477318020854850871e-07
1.312962770210364724e-07,-4.401326635261845791e-07
2.477180114121717861e-08,-1.025541042453753728e-07
-5.228524294883791036e-07,-1.182825478802736319e-06
-4.467448403576881664e-07,-1.187515280330262606e-06
-3.635657538746516925e-07,-7.400032381855640627e-07
-3.702335876826736046e-07,-1.177631215406016354e-06
-2.978483979154390556e-07,-1.149769659937779331e-06
-1.962009277485613679e-07,2.399436302532016355e-08
-1.121166633038875943e-07,-9.064185087458132781e-07
-1.364061349963362358e-07,6.183035773205720098e-08
1.030196023262576666e-07,-3.459126089211694425e-07
1.011700170945201625e-07,-3.116613075660927676e-07
1.156577945053759971e-07,-3.496495820897387236e-07
1.397612215724342469e-07,-4.043370100481438566e-07
-5.976173897656862112e-07,-1.113153308295605625e-06
-1.902329490929271712e-07,-1.117748581278298870e-06
-6.217977462638497626e-09,-3.220771674965683038e-08
8.943991612959385572e-08,-2.727555034610466583e-07
8.888413371107370009e-08,-2.862061860206567530e-07
-3.136413865907481404e-08,-1.007627805045015416e-06
-1.443156594074322846e-07,-5.903913733671815950e-08
4.492126713912681672e-07,-8.324753073625450007e-07
2.048254532279921376e-07,-5.335981044002244090e-07
1.285995621272858639e-07,-6.100735169088964803e-07
1.167410095504252289e-07,-3.884805323145681505e-07
-6.142467983682696393e-08,4.436707025808286441e-08
-1.853890413697783838e-07,7.440105003329985793e-08
-2.978669382850206209e-07,-1.265394877071421858e-07
-8.441505017631622224e-08,-1.132988053151633920e-07
-3.961831376657713264e-07,-4.361664755750809414e-07
9.587987188220093881e-08,-3.840122789346009211e-07
-1.508968340774753884e-07,3.500260118464504407e-08
1.337323950712349774e-08,-7.410170842824394414e-07
1.008576177409304265e-07,-3.158496296204561769e-07
-5.263591399083332079e-07,-9.380501928918053293e-07
-6.160608546929787239e-07,-1.078615777241239947e-06
1.506021967894223294e-07,-1.091172041540545366e-07
-5.606638339253259761e-07,-1.128530866015713546e-06
3.445544206831878084e-07,-6.482446526924335265e-07
-1.245727697316202338e-08,-4.785707792950929745e-08
-5.727564787109644468e-07,-1.123090888392652577e-06
8.795366090204750436e-08,-4.090732935367893728e-07
-6.423996445617040367e-07,-1.065147097303385003e-06
4.189888617740397698e-08,-1.854756598168522036e-07
-4.014225068080630148e-07,-8.034814648467928224e-07
7.104016234668434991e-08,-4.863048160056520989e-08
-6.120438034246360373e-07,-9.994692143629269859e-07
-6.381234730147576412e-07,-1.078418106201664095e-06
-4.748144661367334604e-07,-1.150691111198669986e-06
1.618274990033506579e-08,-3.027436922281101239e-07
-3.941356094646490428e-07,-1.135120550074124647e-06
-4.292529722812975011e-08,-1.453115338487960127e-09
-1.970951094702100688e-07,-1.384805246658625705e-08
8.143665914737631838e-08,-4.254732030927276443e-07
-1.430971752408543450e-08,8.117830264567701059e-09
-2.308995790125322407e-07,7.584463167862254799e-08
-3.068529766502297328e-07,-1.104661517132120031e-06
4.832680848791190287e-07,-7.779451265749948723e-07
-5.271776985779565075e-08,9.578364961157474832e-09
2.176028914233955693e-09,-3.895709946198119052e-08
-5.686665598596456725e-07,-1.060750157107325857e-06
8.511578419362593811e-08,-5.841365033430577754e-07
-2.154506402003894458e-07,-9.133377747593798038e-08
-1.271666253309690510e-07,-1.080591903502459135e-06
2.604232720603317309e-07,-7.352176993492070205e-07
-1.077225033026250610e-07,-3.818343585751480814e-07
-4.540015413717380316e-07,-1.012842499654921396e-06
2.759870747842465361e-09,3.139784975951722189e-09
9.144735406660308596e-08,-8.351492500566904227e-07
-1.649070215383236624e-08,-9.517468421145130195e-08
-9.080731008348965533e-08,-7.589213162611915874e-07
1.115130074362156147e-07,-3.987245879094733865e-07
1.047691093215344124e-09,-5.904676072688404431e-07
-1.669898964594641623e-09,-1.019494503232633279e-08
5.163306529589163129e-07,-7.965441054286960000e-07
4.468673677951306941e-08,-9.244737723531196088e-07
-5.956089043897416361e-07,-1.098560290617630489e-06
-5.006541751449493904e-07,-1.079243125833021568e-06
3.005347451605302654e-08,-8.718686235882633155e-08
5.264828220708354659e-07,-8.229266107160324817e-07
-5.442773695606820103e-07,-1.069857449177365983e-06
-1.083316770382376479e-07,2.586746812831430099e-08
-5.170823069068780178e-07,-1.125743505741876166e-06
-4.644543809454871996e-07,-1.072896131728154387e-06
1.134402133987531250e-08,-3.676785085239680382e-08
-3.532118982562781567e-07,-1.065683817080966053e-06
1.213979667479976122e-07,-4.656146374098853155e-07
4.940418153988001730e-07,-7.741978914672246543e-07
-7.783682333211942553e-08,-9.729824464325362100e-07
4.590391346768459707e-08,-1.970588326401821982e-07
-2.496410218523568159e-07,-1.086303566589191775e-06
-2.898058397593582803e-07,-9.080848002628428574e-07
-1.876143553992631864e-07,5.819349498879472621e-08
-5.474196728151565587e-08,2.777708014955655451e-08
-2.246323100565930594e-07,-9.601811739972230384e-07
-1.051055168792363917e-07,5.775379341237902176e-08
-1.678943709822422490e-07,-4.562764982731589228e-07
-1.729162017914658646e-07,-1.011692656236526355e-06
-5.730213322705546513e-07,-1.089062555073531449e-06
-2.735864533254617701e-07,-1.941650973125040243e-08
-5.297002887470332443e-09,7.517199653050563668e-10
-5.369069271506509817e-07,-1.054241647266531822e-06
5.357226207210442180e-07,-6.541181723561899240e-07
-4.682363348447343169e-07,-6.709174356917094863e-07
3.931687720055489245e-07,-6.518276707762399975e-07
1.044589667171082227e-07,-4.046789200247829080e-07
1.653685093199748971e-07,-4.455072915081722190e-07
-5.879923670337478802e-07,-1.124875926125714238e-06
-1.082659152684928800e-09,-9.508843696040551887e-09
-1.683856504167803224e-07,-2.832663865117875646e-07
-4.710851036740510209e-07,-1.026570751078901898e-06
2.136897036959243516e-08,-1.144078368710093548e-07
-3.245415739618519772e-07,-1.049965074217171462e-06
-2.353100385553142324e-10,-1.189002879531631991e-08
2.935440849416061329e-08,-1.131929665597870570e-08
-9.285770175310631479e-09,-4.338443540949385669e-07
4.588085000817524721e-07,-5.022076046562116566e-07
-9.799069721722082490e-08,1.354409568852954256e-09
-3.049183218896486083e-07,-1.021796498455244746e-06
-3.224477832746367501e-09,-5.928403799334045049e-09
-2.212743655646659386e-07,-7.840316812331247190e-07
1.652899292510455575e-07,-6.585008621508424634e-07
-6.405419998408440372e-07,-1.080897858662255208e-06
1.054624340517961385e-07,-4.465280946280381739e-07
-7.729214627946126438e-08,-1.809200949472758935e-08
1.852681577111343877e-08,-8.139561062715566191e-07
-2.762281709901152994e-07,-5.087986541310106829e-08
2.757543180654654933e-07,-4.931084787126484546e-07
-8.563277426957041656e-08,-7.038142198814551539e-07
-8.629608014427569727e-08,2.400129206066130487e-08
3.415242509427062865e-07,-3.303767206123895058e-07
9.379806175327746451e-08,-2.590249164417199972e-07
-1.970285434219180366e-07,-9.440252252266069428e-07
-5.997392603577505704e-07,-8.797627066250536235e-07
-4.162353476058381807e-08,-8.762757512178620632e-07
-4.130226357632313238e-07,-9.847597131414618635e-07
1.123295292444530727e-07,-3.675468655951370903e-07
-1.747783689878083308e-07,-8.940198420722954435e-07
-2.215733116460716390e-07,-8.315629458724147713e-07
-2.751316470935487488e-07,-8.107349335275747973e-07
-6.769143833393628854e-08,1.234393349668923594e-08
-5.007701172378077336e-07,-1.112998904743467945e-06
-2.087266395928731420e-07,2.757115126469140126e-08
-3.438196591299710894e-08,8.413418487126024015e-09
-2.317827446052395337e-07,5.756999945973767539e-08
-1.788492690054572996e-08,1.807519383913521540e-08
-1.731583354697001960e-07,-9.040670392446379655e-07
1.262619894390930215e-07,-3.961991790880359993e-07
-1.664774277673717513e-07,-3.740433718555514042e-08
9.782356083451754085e-08,-2.922937914315723058e-07
1.150420251229231982e-07,-3.391115991934769901e-07
-6.270289123460893452e-07,-1.054583225446487646e-06
-5.940381333379255889e-07,-1.087415380590964566e-06
1.100775096044341817e-07,-3.294667396619300177e-07
1.265399443860928926e-07,-7.583466066804263124e-07
-7.503630362619188848e-09,-1.562202798718109836e-09
-2.478077974352711694e-07,1.568690184974502928e-08
1.125979495378990489e-07,-3.904420102168470318e-07
-2.344129619862737158e-07,-1.958132611480534728e-07
-3.467456722501650679e-07,-9.337464798265968937e-07
6.117576995594187653e-08,-4.968969899113617567e-07
-2.672145756885302206e-08,-1.428866472748117210e-08
1.056683276673490278e-07,-3.871471328074704684e-07
-2.940193410299511116e-07,-3.164627954477597117e-07
1.085384702685140234e-07,-3.606912900109398574e-07
-1.159905049161168057e-07,-1.871760301225190386e-07
-1.051261431479156832e-07,-8.296211165779997307e-07
-2.225756855470093141e-07,-5.145057557066348270e-08
-3.137294634235375453e-07,-6.888861605732458161e-07
-4.970183255017927587e-08,-1.490333035924525321e-07
2.129763354172713907e-07,-1.723396772342332366e-07
-4.795225811683756319e-07,-8.023709200113014375e-07
9.107341693139896197e-08,-2.868977458647802270e-07
9.122490534811836268e-08,-3.011957468814672695e-07
1.357400423956092692e-07,-5.272219336341749998e-07
-4.254099004151219571e-07,-1.090662040577472271e-06
9.896854212570999663e-08,-6.328095830960545249e-07
-6.300538427656945646e-07,-1.086936237851544429e-06
-1.654453581208783101e-07,2.651924615179170528e-08
6.818008838193302624e-08,-7.186502988882648323e-07
-3.525358356417078046e-07,-5.021875753738367904e-07
1.825572730265986436e-08,-1.926133749829792330e-07
-5.492706150844184817e-07,-1.140435770472632177e-06
-1.504257185312253777e-07,-9.752059687064806085e-08
-6.347008410525510018e-07,-1.096143824328697192e-06
-1.236763899049517732e-07,-2.413401076374893113e-07
4.749061533241711855e-08,-1.776231438833028627e-07
-4.622067135800630866e-08,-7.551032293118562946e-07
1.787903689167454923e-07,-5.822112690724178438e-07
-7.311774925815725184e-10,-5.791248789440452455e-07
-3.222399302118208807e-07,-1.798451680599308970e-07
9.033788006746635902e-08,-4.081340200396611135e-07
3.272222704191589161e-08,-1.469334450745247736e-07
-4.822884399943709550e-07,-1.178160330182662750e-06
-3.859619068955945921e-07,-6.790044288622752529e-07
-5.911806811705455964e-07,-1.129177084456927279e-06
-3.758861659637194365e-07,-3.793830909859922877e-07
1.047571331511337287e-07,-3.258086790392536802e-07
1.107666677391994574e-07,-3.912621616367166003e-07
-3.378631695611019843e-07,-1.172369538260536773e-06
-8.082185910593365815e-08,-2.474770315417219527e-07
-6.414079125500263702e-07,-1.075318431046354456e-06
4.962178220958246980e-07,-8.119847879519027163e-07
2.204349205268043553e-08,-1.552684152275191983e-07
1.689224217989310850e-07,-5.119235622925606781e-07
-1.171058704890537667e-08,3.086815797299425908e-09
-2.388040561354426231e-07,-4.993553417859498444e-09
3.396786690667190622e-07,-8.142326271983788811e-07
6.451423575465381017e-08,-4.617583306129923480e-07
4.303914922786327159e-09,-6.795929773694527548e-07
-6.342291590338221335e-07,-1.091530073259732682e-06
-6.311150061687735305e-07,-1.101655640949569878e-06
1.224947465789694041e-07,-5.586692874683516416e-07
2.206507440464464489e-07,-5.927402248787996121e-07
-2.297101790014887905e-07,-1.153379964403302877e-06
-1.550625573943737207e-07,-1.368676950802152216e-07
4.342386405114794614e-07,-7.173102024263322763e-07
1.285356746490200590e-07,-4.354271606973534871e-07
1.036895936442678346e-07,-3.684201909305307691e-07
-1.394783638498018912e-07,2.297061735606166950e-08
1.391858176390622292e-07,-5.079328567424612307e-07
-8.232895819171645996e-08,-5.783368993953821188e-07
-1.299360238276782547e-07,3.063532384667611122e-08
-8.858939732416846648e-08,5.379415826765265314e-08
-1.626150857918327312e-07,7.133515318052299260e-08
-2.373710723836813131e-08,8.363171309911307031e-10
-2.211125806704229393e-07,1.645531893208970906e-08
4.059242954104943352e-08,-6.061964777780516897e-07
-3.331454239298947482e-07,-2.365424467311293574e-07
1.205060617806478420e-07,-3.934092928251820909e-07
-3.679192129959189214e-07,-9.328269750054983102e-07
-1.501106699867785046e-08,-5.671377440289271847e-08
-1.920921277877167201e-07,-2.238887842716587239e-07
-5.517171014060157923e-08,-1.037677223834051846e-06
-1.219467106973100753e-09,-7.196771844530996538e-08
1.173683275236648889e-07,-4.145928598308312751e-07
1.104567713843304241e-07,-3.584874694397818420e-07
1.511080242447610094e-07,-3.252794940731024664e-07
-5.947318888910680184e-07,-1.067422903265634940e-06
-5.531311412737822776e-08,1.431792026508472352e-08
6.695818959176684371e-08,-2.682237711996754938e-07
-3.512950059698987043e-08,2.621346224533205154e-08
-2.087657605769320416e-07,7.604163575379633792e-08
-1.514455543517991619e-07,2.955415345515147779e-09
-4.847820539669392620e-07,-8.950436422797320245e-07
-6.910573117738382712e-08,1.414275494357116067e-08
-5.601767026336984135e-07,-9.804113381542506409e-07
-1.752522133213574627e-07,-3.108206297130273490e-09
9.629670982702223908e-08,-2.857617305151427951e-07
-1.728356132214044059e-07,-3.614198587189693783e-07
3.442836367687162453e-07,-7.179173171092372541e-07
2.005346673314985449e-08,-5.375893519950363507e-07
-2.989484697776652818e-08,-3.294937761168611193e-07
1.019233496497816329e-07,-5.268885419922809162e-07
-6.268992300063658179e-07,-1.033809300268006749e-06
9.579337464410184890e-08,-2.976491042792430994e-07
-5.476767220925710780e-07,-1.125327608285661052e-06
-5.607409309008126862e-08,-6.580089369113851163e-07
1.083513230389591834e-07,-3.998357511558966831e-07
-2.264292402202038361e-07,-5.654308433113115962e-07
6.739922277850928364e-08,-4.617572165937736822e-07
-5.264744985003290045e-09,1.583127270994242486e-09
-2.433766725356157230e-07,2.748270803965057333e-08
4.148187144409883895e-09,-1.717392524459507180e-08
6.628659230915226112e-08,-5.408454666882223624e-07
7.551779360690890567e-08,-5.548797779651372803e-07
-1.083026793480642219e-07,4.925554103924325853e-08
-5.349981785117041653e-07,-1.030355409194160749e-06
1.286347592153013088e-07,-3.921303759808605416e-07
-1.438171548665208190e-07,4.803336667790732947e-08
1.111004251229046415e-07,-3.359837396796098234e-07
3.181851448523707781e-09,2.218621658326970434e-09
5.087102909281735687e-07,-8.263000382924858365e-07
-5.742622457136148813e-07,-1.063766571193565297e-06
-3.480559598511015775e-07,-1.035735156191751464e-06
-1.125657203136404255e-07,-3.644294607189530306e-08
-5.804387953496087176e-07,-1.127611741392443003e-06
7.872671224657048525e-08,-3.887853404684610603e-07
-2.116118861294651604e-07,-6.466514693538890074e-07
-4.883257544474721361e-07,-1.038150551929572657e-06
-1.302929934193459897e-07,-6.790046014367411390e-07
6.874866148487276450e-08,-8.950921243048814944e-07
-2.898300043902772694e-07,-8.834055158645520804e-08
-6.126928769918065144e-07,-1.100481765711541466e-06
-1.276968985664011736e-07,-1.024391041847221512e-06
8.639031884018134749e-08,-4.908257678461962962e-07
-3.525997128771352095e-07,-1.102870622053475951e-06
5.327433202311760609e-07,-7.873376075793284055e-07
-8.443885160712668866e-09,-6.507355663714001495e-07
1.609173928062370382e-07,-6.625514423186609449e-07
1.061531543726888327e-07,-3.736021078913315828e-07
2.730335678179154875e-08,-3.795035558028029598e-07
8.973591629964886689e-08,-3.890691175138759390e-07
-1.149720830965516466e-07,-9.384315903440209396e-08
8.860192171391768909e-08,-4.835210837433122167e-07
-2.766863748735273969e-07,-9.191897507959544324e-07
2.858594715244153892e-07,-7.959885169967246723e-07
-6.402619821021912233e-07,-1.092621170964846609e-06
-1.799233655740698465e-07,-7.995296757156966761e-07
-4.322556986596299063e-10,-1.375163574824330761e-09
1.100769726224390557e-07,-4.285687789529013650e-07
-2.879853456126493239e-07,-6.015386212699797866e-07
1.095084245512223537e-07,-3.863858587107882974e-07
4.747746653793583072e-07,-6.546161809814900917e-07
-1.979491007866774955e-07,-1.283243941831806733e-07
-2.579601836063130564e-07,-8.681177275762568766e-07
-9.188989592463590945e-08,-5.155661334221954382e-08
8.442747130050467802e-08,-2.223646347093106993e-07
-1.010689235055284364e-09,-6.614542517475387124e-09
1.415189748145753559e-07,-4.183696606254993060e-07
-5.261857802102199524e-08,-5.007848167216950483e-08
-2.756326348823453932e-07,-1.009736794946191817e-06
-1.433467437755058991e-07,-1.206357456219690112e-08
-2.844085031477349996e-07,-2.538873254214039106e-07
1.006377173681679892e-07,-4.107060081086995539e-07
-5.213775865605533868e-07,-8.463395938911046004e-07
1.939950035303592197e-08,-7.959387995562871443e-08
-3.190175318063674077e-09,-1.158524466640687127e-08
-2.948836150719037683e-07,-7.398372864543360201e-07
1.634828284085269620e-08,-8.917885700191231661e-07
-1.491521383334972618e-07,-1.117579469209273107e-06
1.602562090068662803e-07,-4.722182044484197444e-07
-1.217303228373660999e-07,-9.860643710445890886e-07
-3.837087080805380114e-09,-2.293781240689811613e-09
-2.741876904612674949e-07,-1.591436838170867066e-07
3.706978621798703423e-09,-1.112471502753532935e-08
-1.671359326259200124e-07,4.187710469086655987e-08
3.809755636497880965e-09,-1.315164006521560304e-08
-1.566047008680566909e-07,-1.824839406049074961e-07
4.052810756232139227e-09,-7.863996932794823580e-09
3.383620978590171570e-08,-1.622356511166926344e-07
-2.027844916825599994e-08,-6.913223536437291959e-08
4.109631826173145519e-08,-2.434193623558898465e-07
9.339089551841594919e-08,-3.044357717953035370e-07
-2.118211407905652704e-08,-5.850836569544363373e-08
6.533587816429167944e-08,-5.260370672562794719e-07
2.841232696656008380e-09,-1.117707588402585211e-07
9.946471833698262859e-08,-3.166944603735315683e-07
-1.829069067168471475e-07,-7.683339250258270096e-08
1.582392325188312775e-07,-4.131654906396781550e-07
-3.629829745176668064e-07,-8.456624407510318480e-07
-2.197279038967107892e-10,-1.571200766867874272e-08
-2.522417985527739643e-07,-1.064482188041070758e-07
1.860988208540700836e-07,-4.890971524377462542e-07
-4.469299089287398393e-07,-9.422498207719376984e-07
-2.201507400179733578e-07,-9.932074844314602826e-07
-3.643369688452868468e-07,-1.013403111144744449e-06
9.865758264450791368e-08,-5.842500623565649452e-07
6.633060211955401439e-08,-2.211547206619829703e-07
2.931612714959703128e-07,-5.774005324388576097e-07
4.038946499199096257e-07,-6.639336407867858882e-07
-3.766288061185704925e-07,-1.015970837342383505e-06
-2.093083815199618846e-07,4.630069968914437021e-08
-3.752225142637353630e-08,1.826430276361406974e-08
1.355095797586097306e-07,-5.650361732810279794e-07
-1.233759761006360620e-07,-8.397515803333318165e-07
3.691675941300790849e-07,-5.018168413874974614e-07
-6.220627962912828557e-07,-9.928172943787129802e-07
1.347740172749058087e-07,-4.921776560147662968e-07
-5.602117380233867549e-07,-8.864412736199517793e-07
5.697112234296669785e-08,-2.125932672673736449e-07
-6.412239001638785146e-07,-9.807573182253757349e-07
-3.559460339132572293e-07,-1.074029297692611516e-06
-1.875856234108230019e-07,-2.135999738538840689e-08
-5.307008449495595607e-07,-9.994118454189981844e-07
-4.433069156095341168e-07,-8.514645488475031131e-07
-1.321522504217353334e-07,-2.912530142244257654e-07
-5.313447297945942432e-07,-1.132233532520238976e-06
1.874264964977076390e-07,-6.122511363888185478e-07
-1.851479813465768399e-07,1.380268014745708073e-08
-2.833633542716590913e-07,-3.690572044375317912e-08
-6.081429735413876491e-07,-1.086711595623138353e-06
-5.686314409766733113e-07,-1.132281149819896405e-06
-2.506129074038176130e-07,-4.150219221392021395e-07
1.070586627405236536e-08,8.438778846188531376e-10
-8.889459784474324863e-09,-1.223716074692902228e-07
-6.444378603650693060e-08,-3.436145656599559605e-07
-2.018876086259361938e-07,-8.527719137644525122e-07
-5.398696116379623009e-08,-7.159635111927310389e-09
5.187943290342794058e-07,-8.189408341923831068e-07
1.233038774325596164e-07,-8.163949586976683805e-07
-3.751158318316128757e-07,-9.549897841078918417e-07
1.948186695069894623e-07,-6.893149636191156248e-07
7.024565981689941894e-08,-4.213860756951516213e-07
1.273776054055922380e-07,-1.874673290304806885e-07
6.636049124756494098e-08,-2.177404365900286287e-07
-6.433298983622064072e-07,-1.074275352022697925e-06
5.140435424801607961e-07,-7.905545554414058105e-07
-8.765728582442918837e-08,-1.064913863643267269e-06
-5.543072671603963070e-07,-7.999441415643723235e-07
3.181566813255289252e-08,-6.145873039241001706e-08
2.468017404057380712e-07,-3.292406835010258561e-07
9.334280736780250314e-08,-4.355191182183356081e-07
-1.595071281570112297e-07,-7.651553943554083259e-07
-6.360827811167752893e-07,-1.091944060150225773e-06
-4.065177063722665002e-08,-7.107081403356828813e-07
-5.295105565285794096e-07,-1.102380916787057763e-06
8.185704559056556275e-09,-9.640519663704105169e-07
-6.524235901704041174e-08,-3.792966318475381195e-07
-3.465987244966852362e-09,-8.629856533126875935e-07
-6.293198846879163019e-07,-1.096085461499071246e-06
-3.159110253725226421e-07,-9.495030937230082346e-07
1.681913309448999344e-07,-7.138189032683515915e-07
-5.501035318245961626e-08,5.929892059143634964e-09
3.546062782462098411e-08,-1.686551650697267068e-07
1.035044840662665179e-07,-3.893276480081610541e-07
3.518579989328809335e-08,-1.592202819544623006e-07
-5.973168631243940480e-07,-1.117265229591593489e-06
-4.329453699986305682e-07,-1.143721356824448848e-06
1.696680196742561961e-07,-6.254259768524787045e-07
-2.434035973418065347e-07,-9.262620781268057071e-07
1.142476999876979205e-07,-4.005288158911944294e-07
-5.432915745010909093e-07,-1.147026073507837985e-06
-4.439262539691799608e-07,-1.126058258351795117e-06
9.204068250563473760e-08,-3.046842926000165976e-07
-6.011376185936428657e-07,-1.106986637887790973e-06
-6.292403042539540626e-07,-1.078172202406742329e-06
-5.826620614754974722e-07,-1.029299306447614200e-06
1.674111960868615204e-07,-5.306462459933561827e-07
