Number of nodes 621 
     0 :  0.0000000e+00  1.0000000e+00 
     1 :  0.0000000e+00  0.0000000e+00 
     2 :  1.0000000e+00  1.0000000e+00 
     3 :  1.0000000e+00  7.5000000e-01 
     4 :  5.0000000e-01  7.5000000e-01 
     5 :  5.0000000e-01  2.5000000e-01 
     6 :  1.0000000e+00  2.5000000e-01 
     7 :  1.0000000e+00  0.0000000e+00 
     8 :  0.0000000e+00  9.6428571e-01 
     9 :  0.0000000e+00  3.5714286e-02 
    10 :  0.0000000e+00  1.0714286e-01 
    11 :  0.0000000e+00  1.7857143e-01 
    12 :  0.0000000e+00  2.5000000e-01 
    13 :  0.0000000e+00  3.2142857e-01 
    14 :  0.0000000e+00  3.9285714e-01 
    15 :  0.0000000e+00  4.6428571e-01 
    16 :  0.0000000e+00  5.3571429e-01 
    17 :  0.0000000e+00  6.0714286e-01 
    18 :  0.0000000e+00  6.7857143e-01 
    19 :  0.0000000e+00  7.5000000e-01 
    20 :  0.0000000e+00  8.2142857e-01 
    21 :  0.0000000e+00  8.9285714e-01 
    22 :  0.0000000e+00  9.2857143e-01 
    23 :  0.0000000e+00  8.5714286e-01 
    24 :  0.0000000e+00  7.8571429e-01 
    25 :  0.0000000e+00  7.1428571e-01 
    26 :  0.0000000e+00  6.4285714e-01 
    27 :  0.0000000e+00  5.7142857e-01 
    28 :  0.0000000e+00  5.0000000e-01 
    29 :  0.0000000e+00  4.2857143e-01 
    30 :  0.0000000e+00  3.5714286e-01 
    31 :  0.0000000e+00  2.8571429e-01 
    32 :  0.0000000e+00  2.1428571e-01 
    33 :  0.0000000e+00  1.4285714e-01 
    34 :  0.0000000e+00  7.1428571e-02 
    35 :  9.6428571e-01  1.0000000e+00 
    36 :  3.5714286e-02  1.0000000e+00 
    37 :  1.0714286e-01  1.0000000e+00 
    38 :  1.7857143e-01  1.0000000e+00 
    39 :  2.5000000e-01  1.0000000e+00 
    40 :  3.2142857e-01  1.0000000e+00 
    41 :  3.9285714e-01  1.0000000e+00 
    42 :  4.6428571e-01  1.0000000e+00 
    43 :  5.3571429e-01  1.0000000e+00 
    44 :  6.0714286e-01  1.0000000e+00 
    45 :  6.7857143e-01  1.0000000e+00 
    46 :  7.5000000e-01  1.0000000e+00 
    47 :  8.2142857e-01  1.0000000e+00 
    48 :  8.9285714e-01  1.0000000e+00 
    49 :  9.2857143e-01  1.0000000e+00 
    50 :  8.5714286e-01  1.0000000e+00 
    51 :  7.8571429e-01  1.0000000e+00 
    52 :  7.1428571e-01  1.0000000e+00 
    53 :  6.4285714e-01  1.0000000e+00 
    54 :  5.7142857e-01  1.0000000e+00 
    55 :  5.0000000e-01  1.0000000e+00 
    56 :  4.2857143e-01  1.0000000e+00 
    57 :  3.5714286e-01  1.0000000e+00 
    58 :  2.8571429e-01  1.0000000e+00 
    59 :  2.1428571e-01  1.0000000e+00 
    60 :  1.4285714e-01  1.0000000e+00 
    61 :  7.1428571e-02  1.0000000e+00 
    62 :  1.0000000e+00  7.8125000e-01 
    63 :  1.0000000e+00  8.4375000e-01 
    64 :  1.0000000e+00  9.0625000e-01 
    65 :  1.0000000e+00  9.6875000e-01 
    66 :  1.0000000e+00  8.1250000e-01 
    67 :  1.0000000e+00  8.7500000e-01 
    68 :  1.0000000e+00  9.3750000e-01 
    69 :  9.6428571e-01  7.5000000e-01 
    70 :  8.9285714e-01  7.5000000e-01 
    71 :  8.2142857e-01  7.5000000e-01 
    72 :  7.5000000e-01  7.5000000e-01 
    73 :  6.7857143e-01  7.5000000e-01 
    74 :  6.0714286e-01  7.5000000e-01 
    75 :  5.3571429e-01  7.5000000e-01 
    76 :  9.2857143e-01  7.5000000e-01 
    77 :  8.5714286e-01  7.5000000e-01 
    78 :  7.8571429e-01  7.5000000e-01 
    79 :  7.1428571e-01  7.5000000e-01 
    80 :  6.4285714e-01  7.5000000e-01 
    81 :  5.7142857e-01  7.5000000e-01 
    82 :  4.6442129e-01  7.4745536e-01 
    83 :  4.6442129e-01  2.5254464e-01 
    84 :  3.9614625e-01  2.7259200e-01 
    85 :  3.3628482e-01  3.1106261e-01 
    86 :  2.8968662e-01  3.6483980e-01 
    87 :  2.6012676e-01  4.2956686e-01 
    88 :  2.5000000e-01  5.0000000e-01 
    89 :  2.6012676e-01  5.7043314e-01 
    90 :  2.8968662e-01  6.3516020e-01 
    91 :  3.3628482e-01  6.8893739e-01 
    92 :  3.9614625e-01  7.2740800e-01 
    93 :  4.2956686e-01  7.3987324e-01 
    94 :  3.6483980e-01  7.1031338e-01 
    95 :  3.1106261e-01  6.6371518e-01 
    96 :  2.7259200e-01  6.0385375e-01 
    97 :  2.5254464e-01  5.3557871e-01 
    98 :  2.5254464e-01  4.6442129e-01 
    99 :  2.7259200e-01  3.9614625e-01 
   100 :  3.1106261e-01  3.3628482e-01 
   101 :  3.6483980e-01  2.8968662e-01 
   102 :  4.2956686e-01  2.6012676e-01 
   103 :  5.3571429e-01  2.5000000e-01 
   104 :  6.0714286e-01  2.5000000e-01 
   105 :  6.7857143e-01  2.5000000e-01 
   106 :  7.5000000e-01  2.5000000e-01 
   107 :  8.2142857e-01  2.5000000e-01 
   108 :  8.9285714e-01  2.5000000e-01 
   109 :  9.6428571e-01  2.5000000e-01 
   110 :  5.7142857e-01  2.5000000e-01 
   111 :  6.4285714e-01  2.5000000e-01 
   112 :  7.1428571e-01  2.5000000e-01 
   113 :  7.8571429e-01  2.5000000e-01 
   114 :  8.5714286e-01  2.5000000e-01 
   115 :  9.2857143e-01  2.5000000e-01 
   116 :  1.0000000e+00  3.1250000e-02 
   117 :  1.0000000e+00  9.3750000e-02 
   118 :  1.0000000e+00  1.5625000e-01 
   119 :  1.0000000e+00  2.1875000e-01 
   120 :  1.0000000e+00  6.2500000e-02 
   121 :  1.0000000e+00  1.2500000e-01 
   122 :  1.0000000e+00  1.8750000e-01 
   123 :  3.5714286e-02  0.0000000e+00 
   124 :  9.6428571e-01  0.0000000e+00 
   125 :  8.9285714e-01  0.0000000e+00 
   126 :  8.2142857e-01  0.0000000e+00 
   127 :  7.5000000e-01  0.0000000e+00 
   128 :  6.7857143e-01  0.0000000e+00 
   129 :  6.0714286e-01  0.0000000e+00 
   130 :  5.3571429e-01  0.0000000e+00 
   131 :  4.6428571e-01  0.0000000e+00 
   132 :  3.9285714e-01  0.0000000e+00 
   133 :  3.2142857e-01  0.0000000e+00 
   134 :  2.5000000e-01  0.0000000e+00 
   135 :  1.7857143e-01  0.0000000e+00 
   136 :  1.0714286e-01  0.0000000e+00 
   137 :  7.1428571e-02  0.0000000e+00 
   138 :  1.4285714e-01  0.0000000e+00 
   139 :  2.1428571e-01  0.0000000e+00 
   140 :  2.8571429e-01  0.0000000e+00 
   141 :  3.5714286e-01  0.0000000e+00 
   142 :  4.2857143e-01  0.0000000e+00 
   143 :  5.0000000e-01  0.0000000e+00 
   144 :  5.7142857e-01  0.0000000e+00 
   145 :  6.4285714e-01  0.0000000e+00 
   146 :  7.1428571e-01  0.0000000e+00 
   147 :  7.8571429e-01  0.0000000e+00 
   148 :  8.5714286e-01  0.0000000e+00 
   149 :  9.2857143e-01  0.0000000e+00 
   150 :  9.2857094e-01  3.1257132e-02 
   151 :  2.8946625e-01  9.6832690e-01 
   152 :  7.5224033e-02  8.5795898e-01 
   153 :  9.2482214e-02  4.0001559e-01 
   154 :  1.1642863e-01  3.0878233e-01 
   155 :  1.6372145e-01  4.6913859e-01 
   156 :  6.8115467e-02  5.6204704e-01 
   157 :  5.0282245e-01  9.4115872e-01 
   158 :  8.2151262e-01  8.4392160e-01 
   159 :  5.0469498e-01  8.8268271e-01 
   160 :  8.9289015e-01  8.4381631e-01 
   161 :  8.2142406e-01  1.2508380e-01 
   162 :  1.4178148e-01  3.7489185e-02 
   163 :  3.2097345e-02  2.1761891e-01 
   164 :  2.7903799e-02  3.8682254e-01 
   165 :  5.7518203e-02  2.9259142e-01 
   166 :  2.6822533e-02  3.2237980e-01 
   167 :  9.6461242e-02  4.4083847e-01 
   168 :  1.7467681e-01  1.1394728e-01 
   169 :  7.4999223e-01  6.2643309e-02 
   170 :  4.9988333e-01  1.9166988e-01 
   171 :  9.6428528e-01  1.5625784e-01 
   172 :  3.5673144e-01  2.1623026e-01 
   173 :  3.9997133e-01  7.7975168e-01 
   174 :  1.9581382e-01  7.0813894e-01 
   175 :  3.6824769e-01  9.1081871e-01 
   176 :  3.7750225e-01  8.5429534e-01 
   177 :  2.0777001e-01  3.8239807e-01 
   178 :  2.1242122e-01  6.1950878e-01 
   179 :  1.4300690e-01  6.2934705e-01 
   180 :  1.9530438e-01  4.6630185e-01 
   181 :  2.0880969e-01  1.5368783e-01 
   182 :  1.0237007e-01  1.4947599e-01 
   183 :  9.2858594e-01  8.1252911e-01 
   184 :  7.8576845e-01  7.8136441e-01 
   185 :  5.3805454e-01  8.1916790e-01 
   186 :  6.7877650e-01  7.8172486e-01 
   187 :  8.9288260e-01  9.3755002e-01 
   188 :  7.5020360e-01  9.0665824e-01 
   189 :  7.8585617e-01  8.7528866e-01 
   190 :  5.3766171e-01  9.4041535e-01 
   191 :  9.2858612e-01  9.3752866e-01 
   192 :  1.7820764e-01  6.2505427e-01 
   193 :  7.1691710e-02  6.3647224e-01 
   194 :  7.5067323e-02  7.1118612e-01 
   195 :  6.0801082e-01  9.3904210e-01 
   196 :  8.2142664e-01  3.1281813e-02 
   197 :  7.1427395e-01  6.2722093e-02 
   198 :  2.4073849e-01  2.3940032e-01 
   199 :  5.7137494e-01  1.8899555e-01 
   200 :  9.6428521e-01  1.2500849e-01 
   201 :  2.0220472e-01  2.3792539e-01 
   202 :  4.3372458e-01  9.4177303e-01 
   203 :  4.3863986e-01  8.8527171e-01 
   204 :  1.3047604e-01  4.3093801e-01 
   205 :  5.0392100e-01  8.2395804e-01 
   206 :  6.0710744e-01  1.8842395e-01 
   207 :  6.6461459e-02  1.8431785e-01 
   208 :  1.0622827e-01  3.7142926e-02 
   209 :  4.4254596e-01  7.9388284e-01 
   210 :  2.0622434e-01  1.9471045e-01 
   211 :  6.4282532e-01  1.5698715e-01 
   212 :  3.1926888e-01  1.8589790e-01 
   213 :  2.2069347e-01  9.3320361e-01 
   214 :  7.8584534e-01  8.4402039e-01 
   215 :  9.6429453e-01  9.0626713e-01 
   216 :  9.2857924e-01  7.8126577e-01 
   217 :  2.7815199e-01  8.0440161e-01 
   218 :  3.2912191e-01  9.3863755e-01 
   219 :  8.2142560e-01  1.8755960e-01 
   220 :  5.3559676e-01  1.5917079e-01 
   221 :  7.4999657e-01  2.1883012e-01 
   222 :  1.7147522e-01  5.8623743e-01 
   223 :  1.7619454e-01  7.5592578e-02 
   224 :  5.7136132e-01  6.3711329e-02 
   225 :  3.9061689e-01  8.0279110e-01 
   226 :  4.4265445e-01  8.3335207e-01 
   227 :  1.9741361e-01  5.4353015e-01 
   228 :  5.4910934e-02  3.7989567e-01 
   229 :  3.3167038e-02  1.8137398e-01 
   230 :  3.1585837e-01  8.1351705e-01 
   231 :  1.9736351e-01  7.5065096e-01 
   232 :  7.4373991e-02  8.9373200e-01 
   233 :  3.4992236e-02  7.2450039e-02 
   234 :  3.2029977e-01  7.2769381e-02 
   235 :  1.3468925e-01  5.5244906e-01 
   236 :  7.4999341e-01  1.8764734e-01 
   237 :  2.8172107e-01  1.9166345e-01 
   238 :  9.6428531e-01  6.2506010e-02 
   239 :  4.6404159e-01  6.6240816e-02 
   240 :  2.4968956e-01  7.1022494e-01 
   241 :  7.6167086e-02  7.8536189e-01 
   242 :  1.5323665e-01  8.2416005e-01 
   243 :  6.3785691e-02  4.4959259e-01 
   244 :  3.1856962e-02  4.5725087e-01 
   245 :  6.4317730e-01  7.8204027e-01 
   246 :  8.2149306e-01  9.3762825e-01 
   247 :  6.0829581e-01  9.0840871e-01 
   248 :  6.4282934e-01  6.3026267e-02 
   249 :  9.6428540e-01  1.8750600e-01 
   250 :  1.0398249e-01  1.1179946e-01 
   251 :  1.7744312e-01  3.7688952e-02 
   252 :  4.2814712e-01  1.6762165e-01 
   253 :  3.8337314e-01  8.2773833e-01 
   254 :  4.1368885e-01  8.3191774e-01 
   255 :  3.0859336e-01  8.4371365e-01 
   256 :  6.0834399e-01  8.4639831e-01 
   257 :  5.3837278e-01  9.1057314e-01 
   258 :  6.0760869e-01  9.6955140e-01 
   259 :  6.0807249e-01  8.1477694e-01 
   260 :  7.1427213e-01  1.5654947e-01 
   261 :  8.9285632e-01  3.1262408e-02 
   262 :  2.6130954e-01  9.0247895e-01 
   263 :  1.9277142e-01  8.2688980e-01 
   264 :  4.4086110e-01  8.5844608e-01 
   265 :  3.7551761e-02  8.5746398e-01 
   266 :  6.5392135e-02  4.8725379e-01 
   267 :  2.2095493e-01  3.3781218e-01 
   268 :  1.4827405e-01  6.6859495e-01 
   269 :  1.2491625e-01  2.6970143e-01 
   270 :  3.2503999e-01  7.8424704e-01 
   271 :  4.6396913e-01  9.9117250e-02 
   272 :  1.6556619e-01  2.3444952e-01 
   273 :  2.4366346e-01  1.9452653e-01 
   274 :  1.1494294e-01  7.8575327e-01 
   275 :  2.5724085e-01  9.3494557e-01 
   276 :  3.9386764e-01  2.4056012e-01 
   277 :  3.5599979e-01  1.7924264e-01 
   278 :  4.2886857e-01  2.3084649e-01 
   279 :  1.9943624e-01  4.2548888e-01 
   280 :  2.2505154e-01  4.6491297e-01 
   281 :  3.5370555e-02  3.6215106e-02 
   282 :  4.6415270e-01  3.3164905e-02 
   283 :  5.3560997e-01  6.4302885e-02 
   284 :  2.0324427e-01  5.8129277e-01 
   285 :  7.8571138e-01  3.1299730e-02 
   286 :  7.4998988e-01  1.2520541e-01 
   287 :  3.0269841e-01  8.7444319e-01 
   288 :  2.1741051e-01  9.6660085e-01 
   289 :  3.5058001e-01  7.3203557e-01 
   290 :  6.4316398e-01  9.6930692e-01 
   291 :  6.0764238e-01  7.8261380e-01 
   292 :  6.4282220e-01  9.4450935e-02 
   293 :  3.3951105e-02  1.4504278e-01 
   294 :  7.1427038e-01  1.2532038e-01 
   295 :  9.2857036e-01  9.3767224e-02 
   296 :  7.0767582e-02  3.6703178e-02 
   297 :  3.4392868e-01  8.4958333e-01 
   298 :  1.8391486e-01  9.3174800e-01 
   299 :  3.7413662e-02  7.1272097e-01 
   300 :  1.4492864e-01  9.6535643e-01 
   301 :  7.1441711e-01  7.8154191e-01 
   302 :  8.5720078e-01  8.7511618e-01 
   303 :  6.0841736e-01  8.7756547e-01 
   304 :  5.3876013e-01  8.8060608e-01 
   305 :  7.1460311e-01  8.4441904e-01 
   306 :  5.7339932e-01  8.7885498e-01 
   307 :  5.3565636e-01  3.2193966e-02 
   308 :  7.4999101e-01  1.5644125e-01 
   309 :  6.9154638e-02  1.1030415e-01 
   310 :  3.5603977e-01  1.0680202e-01 
   311 :  4.9996237e-01  2.2146859e-01 
   312 :  5.7140161e-01  2.1960262e-01 
   313 :  3.9231420e-01  6.9286208e-02 
   314 :  5.3567724e-01  2.2021858e-01 
   315 :  2.4176908e-01  3.8821248e-01 
   316 :  5.7220554e-01  7.8374220e-01 
   317 :  9.2859213e-01  8.7504088e-01 
   318 :  6.4360844e-01  9.0770322e-01 
   319 :  6.4284518e-01  2.1906860e-01 
   320 :  8.2142455e-01  1.5632767e-01 
   321 :  6.0712466e-01  2.1926521e-01 
   322 :  2.8073488e-01  2.9690727e-01 
   323 :  3.5906894e-01  2.5387105e-01 
   324 :  3.2323477e-01  2.7145711e-01 
   325 :  6.7905877e-01  9.0721141e-01 
   326 :  7.1452891e-01  8.1302762e-01 
   327 :  5.7212745e-01  9.6986214e-01 
   328 :  6.0709964e-01  6.3302429e-02 
   329 :  1.3721103e-01  1.5148750e-01 
   330 :  5.3563450e-01  1.8996636e-01 
   331 :  7.1428055e-01  2.1887622e-01 
   332 :  2.4553183e-01  1.5307248e-01 
   333 :  6.7856359e-01  2.1894973e-01 
   334 :  3.5889851e-02  6.3972994e-01 
   335 :  7.3551320e-02  6.7380277e-01 
   336 :  3.6733768e-02  6.7622409e-01 
   337 :  4.1294779e-01  7.5932220e-01 
   338 :  3.8254646e-01  7.4746761e-01 
   339 :  4.0959711e-01  8.5740715e-01 
   340 :  8.5719627e-01  8.4385803e-01 
   341 :  7.1462817e-01  8.7570115e-01 
   342 :  8.5716488e-01  7.8129518e-01 
   343 :  4.9978545e-01  1.2942444e-01 
   344 :  2.8418191e-01  7.4211832e-02 
   345 :  7.4999023e-01  9.3938415e-02 
   346 :  6.7855344e-01  6.2842752e-02 
   347 :  5.3690611e-01  7.8621190e-01 
   348 :  8.9289301e-01  8.7507138e-01 
   349 :  8.5718365e-01  8.1258312e-01 
   350 :  2.9949904e-01  7.3895744e-01 
   351 :  7.0038164e-02  7.3454588e-02 
   352 :  8.5713986e-01  1.2505287e-01 
   353 :  8.2146330e-01  7.8132213e-01 
   354 :  9.6429450e-01  8.4376720e-01 
   355 :  5.7273866e-01  9.3967173e-01 
   356 :  9.6429248e-01  9.3751301e-01 
   357 :  2.5916950e-02  3.5452129e-01 
   358 :  5.2990565e-02  3.2447411e-01 
   359 :  3.0648439e-02  2.5354326e-01 
   360 :  1.4838168e-01  3.2119379e-01 
   361 :  9.6428933e-01  7.8125712e-01 
   362 :  7.5008434e-01  7.8143200e-01 
   363 :  6.7895086e-01  8.1334635e-01 
   364 :  6.4368052e-01  8.7667801e-01 
   365 :  7.8581451e-01  8.1270960e-01 
   366 :  8.2149284e-01  8.1263246e-01 
   367 :  6.7906543e-01  8.4480507e-01 
   368 :  6.4345008e-01  8.1387542e-01 
   369 :  7.8584539e-01  9.0651335e-01 
   370 :  7.5015578e-01  9.3780765e-01 
   371 :  9.2859049e-01  8.4378791e-01 
   372 :  5.7139102e-01  3.1889780e-02 
   373 :  3.5673115e-01  3.5482755e-02 
   374 :  8.2142512e-01  6.2558920e-02 
   375 :  9.6428549e-01  3.1253248e-02 
   376 :  6.4282096e-01  1.2577727e-01 
   377 :  8.5714088e-01  1.8753750e-01 
   378 :  7.8570987e-01  1.8759383e-01 
   379 :  6.7854882e-01  9.4203770e-02 
   380 :  4.9991159e-01  3.2613190e-02 
   381 :  8.9285523e-01  1.2503252e-01 
   382 :  3.9220009e-01  1.7292416e-01 
   383 :  6.7855631e-01  1.8786490e-01 
   384 :  8.9285588e-01  1.8752302e-01 
   385 :  7.2423769e-02  9.6466543e-01 
   386 :  1.1476256e-01  7.4810023e-01 
   387 :  1.4920397e-01  8.9566617e-01 
   388 :  3.5941014e-01  7.9473833e-01 
   389 :  8.9285531e-01  9.3780021e-02 
   390 :  3.9206164e-01  1.3849156e-01 
   391 :  4.6412060e-01  1.9474658e-01 
   392 :  5.0147205e-01  9.7055550e-01 
   393 :  4.6821250e-01  9.4169173e-01 
   394 :  4.3117387e-01  9.7078310e-01 
   395 :  4.6630058e-01  9.7077963e-01 
   396 :  8.5718394e-01  9.3758123e-01 
   397 :  8.9288228e-01  8.1255096e-01 
   398 :  7.5022061e-01  8.7545069e-01 
   399 :  9.6429524e-01  8.7501861e-01 
   400 :  1.5463751e-01  7.8702951e-01 
   401 :  3.7953332e-02  7.8543872e-01 
   402 :  3.7153067e-02  8.9322974e-01 
   403 :  7.8570754e-01  1.2513148e-01 
   404 :  5.0172336e-01  7.9237043e-01 
   405 :  6.7894246e-01  9.3821131e-01 
   406 :  7.1460097e-01  9.0687890e-01 
   407 :  6.0709375e-01  1.5741165e-01 
   408 :  2.8254504e-01  1.5086283e-01 
   409 :  7.1427911e-01  3.1369486e-02 
   410 :  2.1203403e-01  7.5648626e-02 
   411 :  3.5634949e-01  7.1056077e-02 
   412 :  2.2422899e-01  8.9966623e-01 
   413 :  3.6069890e-01  9.6995884e-01 
   414 :  3.3823288e-01  8.7865226e-01 
   415 :  9.2857045e-01  1.5626724e-01 
   416 :  8.6641679e-02  2.9876181e-01 
   417 :  3.4184235e-02  5.6680971e-01 
   418 :  6.6685297e-02  5.2475792e-01 
   419 :  3.3449599e-02  5.3032374e-01 
   420 :  4.9941737e-02  3.5228636e-01 
   421 :  1.3064784e-01  2.2997984e-01 
   422 :  3.9269014e-01  2.0705187e-01 
   423 :  5.7134381e-01  9.5395465e-02 
   424 :  4.9979440e-01  9.7445557e-02 
   425 :  4.9981688e-01  1.6090238e-01 
   426 :  3.2085715e-01  3.6291744e-02 
   427 :  1.8119158e-01  9.6590224e-01 
   428 :  6.9807513e-02  5.9924224e-01 
   429 :  3.5008392e-02  6.0326457e-01 
   430 :  4.6428542e-01  2.2458551e-01 
   431 :  2.4409354e-01  6.1201760e-01 
   432 :  1.9473889e-01  5.0541087e-01 
   433 :  2.2613303e-01  5.3941578e-01 
   434 :  2.2348419e-01  5.0243653e-01 
   435 :  9.2857071e-01  1.8751318e-01 
   436 :  8.5714157e-01  3.1270128e-02 
   437 :  2.6044648e-01  6.4812885e-01 
   438 :  7.8480581e-02  3.2986780e-01 
   439 :  9.2668070e-02  2.6295610e-01 
   440 :  1.7113114e-01  3.7837735e-01 
   441 :  3.2744055e-02  4.9377799e-01 
   442 :  4.6009499e-01  7.8205701e-01 
   443 :  4.2496488e-01  7.8735343e-01 
   444 :  4.3963504e-01  7.6960889e-01 
   445 :  2.9774460e-01  9.0551291e-01 
   446 :  3.2519546e-01  9.6920282e-01 
   447 :  2.7140094e-01  8.3729039e-01 
   448 :  2.4336355e-01  7.5684188e-01 
   449 :  1.1312572e-01  8.5881818e-01 
   450 :  5.3557735e-01  1.2789355e-01 
   451 :  8.5714019e-01  1.5629895e-01 
   452 :  4.2820521e-01  6.7641709e-02 
   453 :  2.8695810e-01  7.7136159e-01 
   454 :  7.5946804e-02  7.4844198e-01 
   455 :  1.5489301e-01  7.4853206e-01 
   456 :  3.9256942e-01  3.4641096e-02 
   457 :  3.1978721e-01  1.0963537e-01 
   458 :  8.9285567e-01  6.2522946e-02 
   459 :  1.0742080e-01  6.3305128e-01 
   460 :  1.0168845e-01  5.5721932e-01 
   461 :  1.0430924e-01  5.9508658e-01 
   462 :  7.5869112e-02  8.2186050e-01 
   463 :  1.9558054e-01  7.8989255e-01 
   464 :  1.8974300e-01  8.6252934e-01 
   465 :  1.3913154e-01  1.1307749e-01 
   466 :  7.4999563e-01  3.1327267e-02 
   467 :  6.7856133e-01  3.1433915e-02 
   468 :  1.6571580e-01  4.2631851e-01 
   469 :  2.8790111e-02  2.8868536e-01 
   470 :  8.0822618e-02  3.6928947e-01 
   471 :  6.8009703e-02  1.4727266e-01 
   472 :  6.4325671e-02  2.2126377e-01 
   473 :  1.1335407e-01  7.0978192e-01 
   474 :  1.1065144e-01  6.7129664e-01 
   475 :  7.1427578e-01  1.8773152e-01 
   476 :  2.8099840e-01  2.3673439e-01 
   477 :  7.8570779e-01  9.3870877e-02 
   478 :  1.3007356e-01  3.7541371e-01 
   479 :  9.8129457e-02  4.8048477e-01 
   480 :  1.0243829e-01  3.4590183e-01 
   481 :  5.7318751e-01  9.0937061e-01 
   482 :  8.5719647e-01  9.0635661e-01 
   483 :  6.7910264e-01  8.7608739e-01 
   484 :  8.9287068e-01  7.8127765e-01 
   485 :  8.2151271e-01  9.0641865e-01 
   486 :  6.0708853e-01  9.4827699e-02 
   487 :  2.9341366e-01  9.3682457e-01 
   488 :  2.6593384e-01  8.6995638e-01 
   489 :  3.7839490e-02  8.2154264e-01 
   490 :  3.4536675e-02  1.0872471e-01 
   491 :  8.2142424e-01  9.3827169e-02 
   492 :  5.0480991e-01  8.5352079e-01 
   493 :  5.7289438e-01  8.1635590e-01 
   494 :  9.6429242e-01  8.1251316e-01 
   495 :  6.0711865e-01  3.1676721e-02 
   496 :  9.7049798e-02  2.2540646e-01 
   497 :  1.8668125e-01  6.6530808e-01 
   498 :  2.2594879e-01  6.5996200e-01 
   499 :  1.6676256e-01  5.4787276e-01 
   500 :  4.3622569e-01  9.1317917e-01 
   501 :  1.1020591e-01  9.2982780e-01 
   502 :  6.0708667e-01  1.2620853e-01 
   503 :  4.2805832e-01  1.3468323e-01 
   504 :  1.0866570e-01  9.6495362e-01 
   505 :  3.5084597e-01  8.2148225e-01 
   506 :  4.0588659e-01  8.8440861e-01 
   507 :  6.7877186e-01  9.6912724e-01 
   508 :  5.0394903e-01  9.1186362e-01 
   509 :  5.7331023e-01  8.4794441e-01 
   510 :  9.6428523e-01  9.3757833e-02 
   511 :  4.2808970e-01  1.0129358e-01 
   512 :  2.2812864e-01  8.6579420e-01 
   513 :  3.7826417e-02  7.4915157e-01 
   514 :  1.8416808e-01  3.2999831e-01 
   515 :  6.0671806e-02  4.1254599e-01 
   516 :  4.7188557e-01  8.3015274e-01 
   517 :  4.7138197e-01  8.8453509e-01 
   518 :  4.7222467e-01  8.5685551e-01 
   519 :  4.2839852e-01  1.9981810e-01 
   520 :  1.5299224e-01  7.0864689e-01 
   521 :  3.1938815e-01  1.4718330e-01 
   522 :  1.6983192e-01  1.9310369e-01 
   523 :  2.4906180e-01  3.7453721e-02 
   524 :  4.6995216e-01  9.1288630e-01 
   525 :  4.2837428e-01  3.3849533e-02 
   526 :  2.8495783e-01  3.6974890e-02 
   527 :  1.3453132e-01  1.9046399e-01 
   528 :  4.4351501e-01  8.1116374e-01 
   529 :  1.1171936e-01  8.9449749e-01 
   530 :  8.5714057e-01  6.2537264e-02 
   531 :  8.9285544e-01  1.5628007e-01 
   532 :  7.5015612e-01  8.1283172e-01 
   533 :  8.2151958e-01  8.7518405e-01 
   534 :  7.1452642e-01  9.3797039e-01 
   535 :  5.3674354e-01  9.7021696e-01 
   536 :  6.4342660e-01  9.3855923e-01 
   537 :  7.5020400e-01  8.4417521e-01 
   538 :  1.8676590e-01  8.9736683e-01 
   539 :  4.0243779e-01  9.1247538e-01 
   540 :  7.8581473e-01  9.3769954e-01 
   541 :  9.2857031e-01  1.2501866e-01 
   542 :  6.7854798e-01  1.2549925e-01 
   543 :  2.1321070e-01  3.7689728e-02 
   544 :  5.7134101e-01  1.2687454e-01 
   545 :  8.9289037e-01  9.0631558e-01 
   546 :  1.3831659e-01  5.9077972e-01 
   547 :  4.1845431e-01  8.0846567e-01 
   548 :  3.6998315e-01  7.6985904e-01 
   549 :  3.9916916e-01  9.4126209e-01 
   550 :  1.3227500e-01  5.1377992e-01 
   551 :  1.3098627e-01  4.7392338e-01 
   552 :  9.9677344e-02  5.1914618e-01 
   553 :  4.6400175e-01  1.6362387e-01 
   554 :  4.6395174e-01  1.3164754e-01 
   555 :  7.1427093e-01  9.4042795e-02 
   556 :  5.3558201e-01  9.6235747e-02 
   557 :  2.8337666e-01  1.1201589e-01 
   558 :  1.1428028e-01  8.2262549e-01 
   559 :  2.5352327e-01  9.6742980e-01 
   560 :  5.7135267e-01  1.5808806e-01 
   561 :  6.7855072e-01  1.5671932e-01 
   562 :  1.9542815e-01  2.8367978e-01 
   563 :  1.5889848e-01  2.7710994e-01 
   564 :  3.7255950e-01  8.8210001e-01 
   565 :  7.3419095e-02  9.2927075e-01 
   566 :  2.3499013e-01  2.8969049e-01 
   567 :  7.8570912e-01  6.2592129e-02 
   568 :  6.9485532e-02  3.5055879e-01 
   569 :  3.0329048e-02  4.2116767e-01 
   570 :  1.6415563e-01  5.0914920e-01 
   571 :  2.8447164e-01  6.8420403e-01 
   572 :  2.4692092e-01  1.1357236e-01 
   573 :  9.2857056e-01  6.2513178e-02 
   574 :  3.5587540e-01  1.4282101e-01 
   575 :  6.4283399e-01  1.8807819e-01 
   576 :  3.3668380e-01  7.5667998e-01 
   577 :  2.3756297e-01  7.9545824e-01 
   578 :  3.9212745e-01  1.0391694e-01 
   579 :  2.3252366e-01  8.3126745e-01 
   580 :  1.5131699e-01  8.6026233e-01 
   581 :  1.7267255e-01  1.5302021e-01 
   582 :  2.4805954e-01  7.5198234e-02 
   583 :  8.5713999e-01  9.3798762e-02 
   584 :  2.3293625e-01  5.7589238e-01 
   585 :  4.6898472e-01  8.0490598e-01 
   586 :  3.6435105e-01  9.4017652e-01 
   587 :  1.0521554e-01  7.4377322e-02 
   588 :  6.1391735e-02  2.5766527e-01 
   589 :  5.3868978e-01  8.5029915e-01 
   590 :  2.1063135e-01  1.1418203e-01 
   591 :  3.9600318e-01  9.7050610e-01 
   592 :  9.2859059e-01  9.0628763e-01 
   593 :  6.4284155e-01  3.1531343e-02 
   594 :  1.4705247e-01  9.3063134e-01 
   595 :  2.5769296e-01  3.4820053e-01 
   596 :  4.9983945e-01  6.5131324e-02 
   597 :  3.3339288e-01  9.0840526e-01 
   598 :  2.3104060e-01  4.2684445e-01 
   599 :  3.1988681e-01  2.2666973e-01 
   600 :  1.4058833e-01  7.5128092e-02 
   601 :  1.0015911e-01  1.8740193e-01 
   602 :  3.1788438e-01  7.1175693e-01 
   603 :  6.4362678e-01  8.4541937e-01 
   604 :  7.8570829e-01  1.5637208e-01 
   605 :  7.1441597e-01  9.6900100e-01 
   606 :  7.5008441e-01  9.6891494e-01 
   607 :  7.8576874e-01  9.6885738e-01 
   608 :  8.2146354e-01  9.6881915e-01 
   609 :  8.5716514e-01  9.6879387e-01 
   610 :  8.9287094e-01  9.6877703e-01 
   611 :  9.2857939e-01  9.6876544e-01 
   612 :  9.6428939e-01  9.6875698e-01 
   613 :  7.8571198e-01  2.1880092e-01 
   614 :  8.2142702e-01  2.1878231e-01 
   615 :  8.5714182e-01  2.1877033e-01 
   616 :  8.9285648e-01  2.1876247e-01 
   617 :  9.2857105e-01  2.1875714e-01 
   618 :  9.6428555e-01  2.1875325e-01 
   619 :  3.6692664e-02  9.2887953e-01 
   620 :  3.6205271e-02  9.6445572e-01 
Number of edges 150 
     0 :      0      8 
     1 :      8     22 
     2 :     22     21 
     3 :     21     23 
     4 :     23     20 
     5 :     20     24 
     6 :     24     19 
     7 :     19     25 
     8 :     25     18 
     9 :     18     26 
    10 :     26     17 
    11 :     17     27 
    12 :     27     16 
    13 :     16     28 
    14 :     28     15 
    15 :     15     29 
    16 :     29     14 
    17 :     14     30 
    18 :     30     13 
    19 :     13     31 
    20 :     31     12 
    21 :     12     32 
    22 :     32     11 
    23 :     11     33 
    24 :     33     10 
    25 :     10     34 
    26 :     34      9 
    27 :      9      1 
    28 :      2     35 
    29 :     35     49 
    30 :     49     48 
    31 :     48     50 
    32 :     50     47 
    33 :     47     51 
    34 :     51     46 
    35 :     46     52 
    36 :     52     45 
    37 :     45     53 
    38 :     53     44 
    39 :     44     54 
    40 :     54     43 
    41 :     43     55 
    42 :     55     42 
    43 :     42     56 
    44 :     56     41 
    45 :     41     57 
    46 :     57     40 
    47 :     40     58 
    48 :     58     39 
    49 :     39     59 
    50 :     59     38 
    51 :     38     60 
    52 :     60     37 
    53 :     37     61 
    54 :     61     36 
    55 :     36      0 
    56 :      3     62 
    57 :     62     66 
    58 :     66     63 
    59 :     63     67 
    60 :     67     64 
    61 :     64     68 
    62 :     68     65 
    63 :     65      2 
    64 :      3     69 
    65 :     69     76 
    66 :     76     70 
    67 :     70     77 
    68 :     77     71 
    69 :     71     78 
    70 :     78     72 
    71 :     72     79 
    72 :     79     73 
    73 :     73     80 
    74 :     80     74 
    75 :     74     81 
    76 :     81     75 
    77 :     75      4 
    78 :      4     82 
    79 :     82     93 
    80 :     93     92 
    81 :     92     94 
    82 :     94     91 
    83 :     91     95 
    84 :     95     90 
    85 :     90     96 
    86 :     96     89 
    87 :     89     97 
    88 :     97     88 
    89 :     88     98 
    90 :     98     87 
    91 :     87     99 
    92 :     99     86 
    93 :     86    100 
    94 :    100     85 
    95 :     85    101 
    96 :    101     84 
    97 :     84    102 
    98 :    102     83 
    99 :     83      5 
   100 :      5    103 
   101 :    103    110 
   102 :    110    104 
   103 :    104    111 
   104 :    111    105 
   105 :    105    112 
   106 :    112    106 
   107 :    106    113 
   108 :    113    107 
   109 :    107    114 
   110 :    114    108 
   111 :    108    115 
   112 :    115    109 
   113 :    109      6 
   114 :      7    116 
   115 :    116    120 
   116 :    120    117 
   117 :    117    121 
   118 :    121    118 
   119 :    118    122 
   120 :    122    119 
   121 :    119      6 
   122 :      1    123 
   123 :    123    137 
   124 :    137    136 
   125 :    136    138 
   126 :    138    135 
   127 :    135    139 
   128 :    139    134 
   129 :    134    140 
   130 :    140    133 
   131 :    133    141 
   132 :    141    132 
   133 :    132    142 
   134 :    142    131 
   135 :    131    143 
   136 :    143    130 
   137 :    130    144 
   138 :    144    129 
   139 :    129    145 
   140 :    145    128 
   141 :    128    146 
   142 :    146    127 
   143 :    127    147 
   144 :    147    126 
   145 :    126    148 
   146 :    148    125 
   147 :    125    149 
   148 :    149    124 
   149 :    124      7 
Number of quads 545 
     0 :    224    328    486    423
     1 :    380    307    283    596
     2 :    501    529    387    594
     3 :    270    576    548    388
     4 :    218    597    175    586
     5 :     36    620    385     61
     6 :    216    484     70     76
     7 :    605    507    405    534
     8 :    608    607    540    246
     9 :    318    247    303    364
    10 :    214    537    532    365
    11 :    186    245     80     73
    12 :    406    325    483    341
    13 :    545    482    302    348
    14 :    426    373    411    234
    15 :    139    134    523    543
    16 :    384    435    617    616
    17 :    451    531    384    377
    18 :    143    130    307    380
    19 :    311    314    103      5
    20 :    314    312    110    103
    21 :    599    172    323    324
    22 :    598     87     98    280
    23 :    279    177    315    598
    24 :    302    533    158    340
    25 :    353    184     78     71
    26 :     63    354    494     66
    27 :    494    183    216    361
    28 :    312    321    104    110
    29 :    321    319    111    104
    30 :    541    200    171    415
    31 :    590    572    332    181
    32 :    322    324     85    100
    33 :    324    323    101     85
    34 :    251    543    410    223
    35 :    603    256    259    368
    36 :    258    327    355    195
    37 :    362    301     79     72
    38 :    354    371    183    494
    39 :    526    426    234    344
    40 :    200    121    118    171
    41 :    332    408    237    273
    42 :    128    146    409    467
    43 :    319    333    105    111
    44 :    333    331    112    105
    45 :    409    466    169    197
    46 :    193    335    336    334
    47 :    334    336     18     26
    48 :    336    299     25     18
    49 :    335    194    299    336
    50 :    580    242    263    464
    51 :    559    275    487    151
    52 :    317    348    160    371
    53 :    158    214    365    366
    54 :    256    509    493    259
    55 :     64    215    399     67
    56 :    389    295    541    381
    57 :    208    162    600    587
    58 :    330    199    312    314
    59 :    190    157    508    257
    60 :    290    258    195    536
    61 :    399    317    371    354
    62 :    160    340    349    397
    63 :    488    447    255    287
    64 :    240    498    437    571
    65 :    240    571    602    350
    66 :    383    475    331    333
    67 :    249    122    119    618
    68 :    278    430     83    102
    69 :    207    601    496    472
    70 :    347    404      4     75
    71 :     54     43    535    327
    72 :    363    368    245    186
    73 :    609    608    246    396
    74 :    405    536    318    325
    75 :    507    290    536    405
    76 :    536    195    247    318
    77 :    305    367    363    326
    78 :    149    124    375    150
    79 :    261    150    573    458
    80 :    478    440    468    204
    81 :    480    438    416    154
    82 :    468    279    180    155
    83 :    419     16     28    441
    84 :    484    342     77     70
    85 :    535    392    157    190
    86 :     53     44    258    290
    87 :    493    185    347    316
    88 :    355    190    257    481
    89 :    349    366    353    342
    90 :    342    353     71     77
    91 :     65    612    356     68
    92 :    482    485    533    302
    93 :    364    303    256    603
    94 :    361    216     76     69
    95 :     45     53    290    507
    96 :    291    316     81     74
    97 :     44     54    327    258
    98 :    301    186     73     79
    99 :    371    160    397    183
   100 :    277    382    422    172
   101 :    292    379    542    376
   102 :    503    554    553    252
   103 :    351    587    250    309
   104 :    523    526    344    582
   105 :    477    491    161    403
   106 :    553    425    170    391
   107 :    581    181    210    522
   108 :     10    490    293     33
   109 :    423    486    502    544
   110 :    435    249    618    617
   111 :    233    351    309    490
   112 :    106    112    331    221
   113 :    236    378    613    221
   114 :    410    582    572    590
   115 :    555    345    286    294
   116 :    197    169    345    555
   117 :    132    142    525    456
   118 :    131    143    380    282
   119 :    133    141    373    426
   120 :    387    580    464    538
   121 :    414    297    176    564
   122 :    297    505    253    176
   123 :    113    106    221    613
   124 :    554    343    425    553
   125 :    578    511    503    390
   126 :     56    394    395     42
   127 :     42    395    392     55
   128 :    395    393    157    392
   129 :    394    202    393    395
   130 :    257    508    159    304
   131 :    184    362     72     78
   132 :     66    494    361     62
   133 :    348    302    340    160
   134 :    592    545    348    317
   135 :    366    365    184    353
   136 :    610    609    396    187
   137 :    325    318    364    483
   138 :     39    559    151     58
   139 :    253    225    547    254
   140 :    504    501    594    300
   141 :    400    455    231    463
   142 :    415    171    249    435
   143 :    510    117    121    200
   144 :    377    384    616    615
   145 :    397    349    342    484
   146 :    306    304    589    509
   147 :    485    369    189    533
   148 :     52     45    507    605
   149 :    125    149    150    261
   150 :    272    201    562    563
   151 :     34    233    490     10
   152 :    161    352    451    320
   153 :    212    277    172    599
   154 :    286    403    604    308
   155 :    141    132    456    373
   156 :    379    555    294    542
   157 :    378    219    614    613
   158 :     57    413    591     41
   159 :     59    288    559     39
   160 :    586    175    539    549
   161 :    273    237    476    198
   162 :    329    581    522    527
   163 :    248    346    379    292
   164 :    308    604    378    236
   165 :    486    292    376    502
   166 :    471    182    601    207
   167 :    436    261    458    530
   168 :    479    266    243    167
   169 :    419    418    156    417
   170 :    440    177    279    468
   171 :    153    515    228    470
   172 :    267    595    315    177
   173 :    478    480    154    360
   174 :    470    228    420    568
   175 :    244     15     29    569
   176 :    376    542    561    211
   177 :    142    131    282    525
   178 :    223    410    590    168
   179 :    130    144    372    307
   180 :    237    212    599    476
   181 :    343    450    220    425
   182 :    293    471    207    229
   183 :      9    281    233     34
   184 :    136    138    162    208
   185 :    596    283    556    424
   186 :    490    309    471    293
   187 :    402    265    152    232
   188 :    620    619    565    385
   189 :    298    538    412    213
   190 :    156    428    429    417
   191 :    417    429     17     27
   192 :    429    334     26     17
   193 :    428    193    334    429
   194 :    328    248    292    486
   195 :    276     84    101    323
   196 :    430    311      5     83
   197 :    126    148    436    196
   198 :    584    433     97     89
   199 :    433    434     88     97
   200 :     98     88    434    280
   201 :    434    432    180    280
   202 :    546    461    460    235
   203 :    587    600    465    250
   204 :    542    294    260    561
   205 :    573    238    510    295
   206 :    519    391    430    278
   207 :     21     23    265    402
   208 :     90    437    431     96
   209 :    222    546    235    499
   210 :    268    520    473    474
   211 :    440    514    267    177
   212 :     12     32    163    359
   213 :    418    419    441    266
   214 :    478    360    514    440
   215 :    419    417     27     16
   216 :    359    469     31     12
   217 :    416    438    358    165
   218 :    176    253    254    339
   219 :    209    443    444    442
   220 :    442    444     82      4
   221 :    444    337     93     82
   222 :    443    173    337    444
   223 :    274    386    455    400
   224 :    213    412    262    275
   225 :    579    577    217    447
   226 :     61    385    504     37
   227 :    412    512    488    262
   228 :    386    473    520    455
   229 :    506    339    264    203
   230 :    487    445    597    218
   231 :    427    298    213    288
   232 :     37    504    300     60
   233 :    263    463    577    579
   234 :    147    126    196    285
   235 :    604    320    219    378
   236 :    206    575    319    321
   237 :    407    211    575    206
   238 :    558    274    400    242
   239 :    576    289    338    548
   240 :    548    338    337    173
   241 :    391    170    311    430
   242 :    521    574    277    212
   243 :    424    556    450    343
   244 :    456    525    452    313
   245 :    193    428    461    459
   246 :    549    539    500    202
   247 :    284    227    433    584
   248 :    428    156    460    461
   249 :     23     20    489    265
   250 :    505    388    225    253
   251 :    447    217    230    255
   252 :    445    287    414    597
   253 :    199    206    321    312
   254 :    531    415    435    384
   255 :    145    128    467    593
   256 :    146    127    466    409
   257 :    551    155    570    550
   258 :    360    154    269    563
   259 :    569     29     14    164
   260 :    164     14     30    357
   261 :    219    377    615    614
   262 :    466    285    567    169
   263 :    561    260    475    383
   264 :    250    465    329    182
   265 :    194    335    474    473
   266 :    335    193    459    474
   267 :    375    116    120    238
   268 :    234    411    310    457
   269 :    567    374    491    477
   270 :    140    133    426    526
   271 :    595    322    100     86
   272 :    595     86     99    315
   273 :    478    153    470    480
   274 :    340    158    366    349
   275 :    396    246    485    482
   276 :    367    603    368    363
   277 :    589    492    205    185
   278 :    189    398    537    214
   279 :    162    251    223    600
   280 :    452    239    271    511
   281 :    465    168    581    329
   282 :    168    590    181    581
   283 :    513    299    194    454
   284 :    255    230    505    297
   285 :    151    487    218    446
   286 :     20     24    401    489
   287 :    450    544    560    220
   288 :    320    451    377    219
   289 :    313    452    511    578
   290 :    188    406    341    398
   291 :    215    592    317    399
   292 :    369    188    398    189
   293 :    606    605    534    370
   294 :    295    510    200    541
   295 :    511    271    554    503
   296 :    499    570    432    227
   297 :    225    173    443    547
   298 :    462    241    274    558
   299 :    401    513    454    241
   300 :    538    464    512    412
   301 :    495    593    248    328
   302 :    198    476    322    566
   303 :    294    286    308    260
   304 :    210    273    198    201
   305 :    597    414    564    175
   306 :    512    579    447    488
   307 :    300    594    298    427
   308 :     40    446    413     57
   309 :    612    611    191    356
   310 :    533    189    214    158
   311 :    532    326    301    362
   312 :    368    259    291    245
   313 :    502    376    211    407
   314 :    583    389    381    352
   315 :    374    530    583    491
   316 :     60    300    427     38
   317 :    594    387    538    298
   318 :    489    401    241    462
   319 :    152    462    558    449
   320 :    358    420    357    166
   321 :    167    243    515    153
   322 :    154    416    439    269
   323 :    155    180    432    570
   324 :    159    517    518    492
   325 :    492    518    516    205
   326 :    518    264    226    516
   327 :    517    203    264    518
   328 :    296    208    587    351
   329 :    222    499    227    284
   330 :    235    460    552    550
   331 :    179    459    461    546
   332 :    453    350    576    270
   333 :    475    236    221    331
   334 :    134    140    526    523
   335 :    239    596    424    271
   336 :    282    380    596    239
   337 :    157    393    524    508
   338 :    508    524    517    159
   339 :    524    500    203    517
   340 :    393    202    500    524
   341 :    421    272    563    269
   342 :    170    330    314    311
   343 :    307    372    224    283
   344 :    171    118    122    249
   345 :    262    488    287    445
   346 :     24     19    513    401
   347 :    464    263    579    512
   348 :    529    449    580    387
   349 :    556    423    544    450
   350 :    138    135    251    162
   351 :    169    567    477    345
   352 :    537    305    326    532
   353 :    509    589    185    493
   354 :    534    405    325    406
   355 :    191    187    545    592
   356 :     62    361     69      3
   357 :    356    191    592    215
   358 :    259    493    316    291
   359 :    398    341    305    537
   360 :    483    364    603    367
   361 :    195    355    481    247
   362 :    185    205    404    347
   363 :    246    540    369    485
   364 :    547    443    209    528
   365 :    241    454    386    274
   366 :    385    565    501    504
   367 :    481    257    304    306
   368 :    365    532    362    184
   369 :     68    356    215     64
   370 :    304    159    492    589
   371 :    575    383    333    319
   372 :    372    495    328    224
   373 :    593    467    346    248
   374 :    183    397    484    216
   375 :     67    399    354     63
   376 :    607    606    370    540
   377 :    247    481    306    303
   378 :    268    474    459    179
   379 :     38    427    288     59
   380 :    192    179    546    222
   381 :     19     25    299    513
   382 :    602     91     94    289
   383 :    571     95     91    602
   384 :    441     28     15    244
   385 :    418    552    460    156
   386 :    552    418    266    479
   387 :    522    210    201    272
   388 :    530    458    389    583
   389 :    229    207    472    163
   390 :    411    313    578    310
   391 :    124      7    116    375
   392 :    201    198    566    562
   393 :    539    506    203    500
   394 :    217    453    270    230
   395 :    242    400    463    263
   396 :    288    213    275    559
   397 :    359    163    472    588
   398 :    172    422    276    323
   399 :    283    224    423    556
   400 :    601    527    421    496
   401 :    600    223    168    465
   402 :    588    165    469    359
   403 :    543    523    582    410
   404 :    455    520    174    231
   405 :    449    558    242    580
   406 :    232    152    449    529
   407 :    598    315     99     87
   408 :    123    137    296    281
   409 :    252    553    391    519
   410 :    557    457    521    408
   411 :    148    125    261    436
   412 :    182    329    527    601
   413 :    266    441    244    243
   414 :    588    472    496    439
   415 :    204    551    479    167
   416 :    438    568    420    358
   417 :    382    252    519    422
   418 :    571    437     90     95
   419 :    469    166     13     31
   420 :    165    358    166    469
   421 :    499    235    550    570
   422 :    231    174    240    448
   423 :    254    547    528    226
   424 :    388    548    173    225
   425 :    174    520    268    497
   426 :    204    468    155    551
   427 :    181    332    273    210
   428 :    352    381    531    451
   429 :    390    503    252    382
   430 :    574    390    382    277
   431 :    403    161    320    604
   432 :     33    293    229     11
   433 :    560    407    206    199
   434 :    150    375    238    573
   435 :    491    583    352    161
   436 :    564    176    339    506
   437 :    289     94     92    338
   438 :    497    268    179    192
   439 :    344    234    457    557
   440 :    373    456    313    411
   441 :    577    448    453    217
   442 :    591    549    202    394
   443 :    310    578    390    574
   444 :    144    129    495    372
   445 :    346    197    555    379
   446 :    127    147    285    466
   447 :    584     89     96    431
   448 :    209    442    585    528
   449 :    528    585    516    226
   450 :    585    404    205    516
   451 :    442      4    404    585
   452 :    339    254    226    264
   453 :    240    174    497    498
   454 :    287    255    297    414
   455 :    619    402    232    565
   456 :    565    232    529    501
   457 :    413    586    549    591
   458 :    572    557    408    332
   459 :    137    136    208    296
   460 :    476    599    324    322
   461 :    527    522    272    421
   462 :    360    563    562    514
   463 :    439    416    165    588
   464 :    243    244    569    515
   465 :    514    562    566    267
   466 :    515    569    164    228
   467 :    326    363    186    301
   468 :    303    306    509    256
   469 :    245    291     74     80
   470 :    196    436    530    374
   471 :    260    308    236    475
   472 :    271    424    343    554
   473 :    467    409    197    346
   474 :    446    218    586    413
   475 :    448    240    350    453
   476 :    230    270    388    505
   477 :     43     55    392    535
   478 :    327    535    190    355
   479 :    341    483    367    305
   480 :    187    396    482    545
   481 :    316    347     75     81
   482 :    211    561    383    575
   483 :    135    139    543    251
   484 :    309    250    182    471
   485 :    265    489    462    152
   486 :     22     21    402    619
   487 :    454    194    473    386
   488 :    498    178    431    437
   489 :    178    284    584    431
   490 :    551    550    552    479
   491 :    267    566    322    595
   492 :    338     92     93    337
   493 :    228    164    357    420
   494 :    478    204    167    153
   495 :    439    496    421    269
   496 :     41    591    394     56
   497 :    275    262    445    487
   498 :    457    310    574    521
   499 :    285    196    374    567
   500 :    345    477    403    286
   501 :    408    521    212    237
   502 :    175    564    506    539
   503 :     58    151    446     40
   504 :    463    231    448    577
   505 :    281    296    351    233
   506 :    276    278    102     84
   507 :    166    357     30     13
   508 :    480    470    568    438
   509 :    280    180    279    598
   510 :    525    282    239    452
   511 :    129    145    593    495
   512 :    544    502    407    560
   513 :    350    602    289    576
   514 :    227    432    434    433
   515 :    192    222    284    178
   516 :    582    344    557    572
   517 :    238    120    117    510
   518 :     11    229    163     32
   519 :    458    573    295    389
   520 :    422    519    278    276
   521 :      1    123    281      9
   522 :    497    192    178    498
   523 :    540    370    188    369
   524 :    611    610    187    191
   525 :    370    534    406    188
   526 :    425    220    330    170
   527 :    381    541    415    531
   528 :    220    560    199    330
   529 :     46     52    605    606
   530 :     51     46    606    607
   531 :     47     51    607    608
   532 :     50     47    608    609
   533 :     48     50    609    610
   534 :     49     48    610    611
   535 :     35     49    611    612
   536 :      2     35    612     65
   537 :    107    113    613    614
   538 :    114    107    614    615
   539 :    108    114    615    616
   540 :    115    108    616    617
   541 :    109    115    617    618
   542 :      6    109    618    119
   543 :      8     22    619    620
   544 :      0      8    620     36
Number of domains 8
  Domain :      0 
  Name : Symmetry
  Number of elements :     28
     0     1     2     3     4     5     6     7     8     9
    10    11    12    13    14    15    16    17    18    19
    20    21    22    23    24    25    26    27
  Domain :      1 
  Name : Entity 1 
  Number of elements :     28
    28    29    30    31    32    33    34    35    36    37
    38    39    40    41    42    43    44    45    46    47
    48    49    50    51    52    53    54    55
  Domain :      2 
  Name : Entity 2 
  Number of elements :      8
    56    57    58    59    60    61    62    63
  Domain :      3 
  Name : Entity 3 
  Number of elements :     14
    64    65    66    67    68    69    70    71    72    73
    74    75    76    77
  Domain :      4 
  Name : Entity 4 
  Number of elements :     22
    78    79    80    81    82    83    84    85    86    87
    88    89    90    91    92    93    94    95    96    97
    98    99
  Domain :      5 
  Name : Entity 5 
  Number of elements :     14
   100   101   102   103   104   105   106   107   108   109
   110   111   112   113
  Domain :      6 
  Name : Entity 6 
  Number of elements :      8
   114   115   116   117   118   119   120   121
  Domain :      7 
  Name : Bottom
  Number of elements :     28
   122   123   124   125   126   127   128   129   130   131
   132   133   134   135   136   137   138   139   140   141
   142   143   144   145   146   147   148   149
