Number of nodes 810 
     0 :  0.0000000e+00  8.0000000e-01 
     1 :  0.0000000e+00  0.0000000e+00 
     2 :  2.0000000e-01  0.0000000e+00 
     3 :  2.0000000e-01  8.0000000e-01 
     4 :  6.0000000e-01  4.0000000e-01 
     5 :  1.0000000e+00  0.0000000e+00 
     6 :  1.2000000e+00  0.0000000e+00 
     7 :  1.2000000e+00  2.0000000e-01 
     8 :  1.0000000e+00  2.0000000e-01 
     9 :  8.0000000e-01  4.0000000e-01 
    10 :  2.0000000e-01  1.0000000e+00 
    11 : -1.0000000e-01  1.0000000e+00 
    12 : -1.1162278e+00  0.0000000e+00 
    13 : -8.0000000e-01  0.0000000e+00 
    14 :  0.0000000e+00  7.5000000e-01 
    15 :  0.0000000e+00  7.0000000e-01 
    16 :  0.0000000e+00  6.5000000e-01 
    17 :  0.0000000e+00  6.0000000e-01 
    18 :  0.0000000e+00  5.5000000e-01 
    19 :  0.0000000e+00  5.0000000e-01 
    20 :  0.0000000e+00  4.5000000e-01 
    21 :  0.0000000e+00  4.0000000e-01 
    22 :  0.0000000e+00  3.5000000e-01 
    23 :  0.0000000e+00  3.0000000e-01 
    24 :  0.0000000e+00  2.5000000e-01 
    25 :  0.0000000e+00  2.0000000e-01 
    26 :  0.0000000e+00  1.5000000e-01 
    27 :  0.0000000e+00  1.0000000e-01 
    28 :  0.0000000e+00  5.0000000e-02 
    29 :  3.4813608e-02  0.0000000e+00 
    30 :  6.9021222e-02  0.0000000e+00 
    31 :  1.0263340e-01  0.0000000e+00 
    32 :  1.3566049e-01  0.0000000e+00 
    33 :  1.6811268e-01  0.0000000e+00 
    34 :  2.0000000e-01  4.4444444e-02 
    35 :  2.0000000e-01  8.8888889e-02 
    36 :  2.0000000e-01  1.3333333e-01 
    37 :  2.0000000e-01  1.7777778e-01 
    38 :  2.0000000e-01  2.2222222e-01 
    39 :  2.0000000e-01  2.6666667e-01 
    40 :  2.0000000e-01  3.1111111e-01 
    41 :  2.0000000e-01  3.5555556e-01 
    42 :  2.0000000e-01  4.0000000e-01 
    43 :  2.0000000e-01  4.4444444e-01 
    44 :  2.0000000e-01  4.8888889e-01 
    45 :  2.0000000e-01  5.3333333e-01 
    46 :  2.0000000e-01  5.7777778e-01 
    47 :  2.0000000e-01  6.2222222e-01 
    48 :  2.0000000e-01  6.6666667e-01 
    49 :  2.0000000e-01  7.1111111e-01 
    50 :  2.0000000e-01  7.5555556e-01 
    51 :  2.4037944e-01  7.9795666e-01 
    52 :  2.7946091e-01  7.9202801e-01 
    53 :  3.1693424e-01  7.8252632e-01 
    54 :  3.5254749e-01  7.6976920e-01 
    55 :  3.8610065e-01  7.5407139e-01 
    56 :  4.1743895e-01  7.3573845e-01 
    57 :  4.4644594e-01  7.1506253e-01 
    58 :  4.7303697e-01  6.9231971e-01 
    59 :  4.9715324e-01  6.6776846e-01 
    60 :  5.1875628e-01  6.4164940e-01 
    61 :  5.3782320e-01  6.1418564e-01 
    62 :  5.5434254e-01  5.8558386e-01 
    63 :  5.6831080e-01  5.5603575e-01 
    64 :  5.7972955e-01  5.2571980e-01 
    65 :  5.8860306e-01  4.9480328e-01 
    66 :  5.9493647e-01  4.6344437e-01 
    67 :  5.9873439e-01  4.3179438e-01 
    68 :  6.0129430e-01  3.6784777e-01 
    69 :  6.0515932e-01  3.3596223e-01 
    70 :  6.1154198e-01  3.0460416e-01 
    71 :  6.2035580e-01  2.7402268e-01 
    72 :  6.3148371e-01  2.4445019e-01 
    73 :  6.4478171e-01  2.1609794e-01 
    74 :  6.6008331e-01  1.8915256e-01 
    75 :  6.7720427e-01  1.6377358e-01 
    76 :  6.9594768e-01  1.4009196e-01 
    77 :  7.1610883e-01  1.1820964e-01 
    78 :  7.3747998e-01  9.8199997e-02 
    79 :  7.5985466e-01  8.0109058e-02 
    80 :  7.8303140e-01  6.3957404e-02 
    81 :  8.0681696e-01  4.9742503e-02 
    82 :  8.3102887e-01  3.7441375e-02 
    83 :  8.5549726e-01  2.7013462e-02 
    84 :  8.8006625e-01  1.8403492e-02 
    85 :  9.0459467e-01  1.1544311e-02 
    86 :  9.2895635e-01  6.3595552e-03 
    87 :  9.5304004e-01  2.7661118e-03 
    88 :  9.7674892e-01  6.7633749e-04 
    89 :  1.0220672e+00  0.0000000e+00 
    90 :  1.0436475e+00  0.0000000e+00 
    91 :  1.0647515e+00  0.0000000e+00 
    92 :  1.0853899e+00  0.0000000e+00 
    93 :  1.1055728e+00  0.0000000e+00 
    94 :  1.1253103e+00  0.0000000e+00 
    95 :  1.1446123e+00  0.0000000e+00 
    96 :  1.1634884e+00  0.0000000e+00 
    97 :  1.1819478e+00  0.0000000e+00 
    98 :  1.2000000e+00  2.0000000e-02 
    99 :  1.2000000e+00  4.0000000e-02 
   100 :  1.2000000e+00  6.0000000e-02 
   101 :  1.2000000e+00  8.0000000e-02 
   102 :  1.2000000e+00  1.0000000e-01 
   103 :  1.2000000e+00  1.2000000e-01 
   104 :  1.2000000e+00  1.4000000e-01 
   105 :  1.2000000e+00  1.6000000e-01 
   106 :  1.2000000e+00  1.8000000e-01 
   107 :  1.1819478e+00  2.0000000e-01 
   108 :  1.1634884e+00  2.0000000e-01 
   109 :  1.1446123e+00  2.0000000e-01 
   110 :  1.1253103e+00  2.0000000e-01 
   111 :  1.1055728e+00  2.0000000e-01 
   112 :  1.0853899e+00  2.0000000e-01 
   113 :  1.0647515e+00  2.0000000e-01 
   114 :  1.0436475e+00  2.0000000e-01 
   115 :  1.0220672e+00  2.0000000e-01 
   116 :  9.7648676e-01  2.0138699e-01 
   117 :  9.5276420e-01  2.0565809e-01 
   118 :  9.2921175e-01  2.1294647e-01 
   119 :  9.0625538e-01  2.2333097e-01 
   120 :  8.8435943e-01  2.3682139e-01 
   121 :  8.6401377e-01  2.5334481e-01 
   122 :  8.4571616e-01  2.7273454e-01 
   123 :  8.2995038e-01  2.9472357e-01 
   124 :  8.1716147e-01  3.1894403e-01 
   125 :  8.0773003e-01  3.4493406e-01 
   126 :  8.0194821e-01  3.7215238e-01 
   127 :  7.9930142e-01  4.2894484e-01 
   128 :  7.9720407e-01  4.5785585e-01 
   129 :  7.9370308e-01  4.8669863e-01 
   130 :  7.8879040e-01  5.1543769e-01 
   131 :  7.8245487e-01  5.4403586e-01 
   132 :  7.7468227e-01  5.7245373e-01 
   133 :  7.6545554e-01  6.0064902e-01 
   134 :  7.5475491e-01  6.2857601e-01 
   135 :  7.4255813e-01  6.5618485e-01 
   136 :  7.2884080e-01  6.8342091e-01 
   137 :  7.1357671e-01  7.1022406e-01 
   138 :  6.9673828e-01  7.3652798e-01 
   139 :  6.7829714e-01  7.6225937e-01 
   140 :  6.5822476e-01  7.8733715e-01 
   141 :  6.3649327e-01  8.1167175e-01 
   142 :  6.1307639e-01  8.3516421e-01 
   143 :  5.8795058e-01  8.5770552e-01 
   144 :  5.6109637e-01  8.7917576e-01 
   145 :  5.3249986e-01  8.9944353e-01 
   146 :  5.0215463e-01  9.1836529e-01 
   147 :  4.7006367e-01  9.3578504e-01 
   148 :  4.3624183e-01  9.5153404e-01 
   149 :  4.0071838e-01  9.6543093e-01 
   150 :  3.6353997e-01  9.7728215e-01 
   151 :  3.2477375e-01  9.8688288e-01 
   152 :  2.8451081e-01  9.9401845e-01 
   153 :  2.4286970e-01  9.9846653e-01 
   154 :  1.6497978e-01  1.0000000e+00 
   155 :  1.2927821e-01  1.0000000e+00 
   156 :  9.2882056e-02  1.0000000e+00 
   157 :  5.5777786e-02  1.0000000e+00 
   158 :  1.7951625e-02  1.0000000e+00 
   159 : -2.0610484e-02  1.0000000e+00 
   160 : -5.9922827e-02  1.0000000e+00 
   161 : -1.3482055e-01  9.6573548e-01 
   162 : -1.7021847e-01  9.3090282e-01 
   163 : -2.0620331e-01  8.9549261e-01 
   164 : -2.4278485e-01  8.5949523e-01 
   165 : -2.7997294e-01  8.2290098e-01 
   166 : -3.1777765e-01  7.8569996e-01 
   167 : -3.5620922e-01  7.4788209e-01 
   168 : -3.9527801e-01  7.0943717e-01 
   169 : -4.3499463e-01  6.7035478e-01 
   170 : -4.7536980e-01  6.3062434e-01 
   171 : -5.1641442e-01  5.9023514e-01 
   172 : -5.5813963e-01  5.4917623e-01 
   173 : -6.0055668e-01  5.0743652e-01 
   174 : -6.4367707e-01  4.6500471e-01 
   175 : -6.8751243e-01  4.2186934e-01 
   176 : -7.3207465e-01  3.7801872e-01 
   177 : -7.7737575e-01  3.3344101e-01 
   178 : -8.2342801e-01  2.8812415e-01 
   179 : -8.7024387e-01  2.4205587e-01 
   180 : -9.1783599e-01  1.9522373e-01 
   181 : -9.6621725e-01  1.4761505e-01 
   182 : -1.0154007e+00  9.9216967e-02 
   183 : -1.0653997e+00  5.0016379e-02 
   184 : -1.0611457e+00  0.0000000e+00 
   185 : -1.0070372e+00  0.0000000e+00 
   186 : -9.5388520e-01  0.0000000e+00 
   187 : -9.0167268e-01  0.0000000e+00 
   188 : -8.5038305e-01  0.0000000e+00 
   189 : -7.5328793e-01  4.6712072e-02 
   190 : -7.0735514e-01  9.2644861e-02 
   191 : -6.6218865e-01  1.3781135e-01 
   192 : -6.1777566e-01  1.8222434e-01 
   193 : -5.7410361e-01  2.2589639e-01 
   194 : -5.3116013e-01  2.6883987e-01 
   195 : -4.8893308e-01  3.1106692e-01 
   196 : -4.4741050e-01  3.5258950e-01 
   197 : -4.0658063e-01  3.9341937e-01 
   198 : -3.6643191e-01  4.3356809e-01 
   199 : -3.2695300e-01  4.7304700e-01 
   200 : -2.8813272e-01  5.1186728e-01 
   201 : -2.4996006e-01  5.5003994e-01 
   202 : -2.1242424e-01  5.8757576e-01 
   203 : -1.7551462e-01  6.2448538e-01 
   204 : -1.3922076e-01  6.6077924e-01 
   205 : -1.0353238e-01  6.9646762e-01 
   206 : -6.8439394e-02  7.3156061e-01 
   207 : -3.3931856e-02  7.6606814e-01 
   208 :  1.0977427e+00  9.7228058e-02 
   209 :  9.9661478e-01  9.1216248e-02 
   210 :  9.0114456e-01  1.2264619e-01 
   211 :  8.1771376e-01  1.6349692e-01 
   212 :  7.0090011e-01  3.9086580e-01 
   213 :  6.9079905e-01  4.8678792e-01 
   214 :  6.6625469e-01  5.8572186e-01 
   215 :  1.1936717e-01  8.7400239e-01 
   216 :  6.3128921e-01  6.7083277e-01 
   217 :  5.6508704e-01  7.4918385e-01 
   218 :  1.1459546e+00  1.4554903e-01 
   219 :  1.1416208e+00  5.8975669e-02 
   220 :  1.0391438e+00  6.5816184e-02 
   221 :  1.0415426e+00  1.3268391e-01 
   222 :  4.8311232e-01  8.0199911e-01 
   223 :  3.9559283e-01  8.5289113e-01 
   224 :  9.3013873e-01  7.3918262e-02 
   225 :  9.5557866e-01  1.3840760e-01 
   226 :  1.9792142e-01  9.2543016e-01 
   227 : -4.4367477e-02  9.0144663e-01 
   228 :  2.9685384e-01  8.8794671e-01 
   229 :  7.4900943e-01  1.9128469e-01 
   230 :  8.3032974e-01  1.1323556e-01 
   231 :  1.0912087e+00  4.4047353e-02 
   232 :  1.0911077e+00  1.5494020e-01 
   233 :  1.0383628e-01  7.7457351e-01 
   234 :  6.8117865e-01  3.0727841e-01 
   235 :  9.0832096e-02  1.1117585e-01 
   236 :  8.6591069e-01  1.7024670e-01 
   237 :  1.0000558e+00  5.2854715e-02 
   238 : -1.2495521e-01  8.3387043e-01 
   239 :  7.5450441e-01  3.2884596e-01 
   240 :  1.1040414e-01  3.6980057e-01 
   241 :  1.0231227e-01  1.9598941e-01 
   242 :  1.1556835e+00  9.6473333e-02 
   243 :  1.0160391e-01  5.0312278e-01 
   244 :  1.0205853e-01  6.3732783e-01 
   245 :  7.2096177e-01  4.3694158e-01 
   246 : -1.8945283e-01  7.5713604e-01 
   247 :  9.9810203e-01  1.5241128e-01 
   248 :  7.2177489e-01  5.4196080e-01 
   249 :  6.8764628e-01  6.4950417e-01 
   250 : -2.6540086e-01  6.8187782e-01 
   251 :  6.5375806e-01  4.2809598e-01 
   252 :  8.9208067e-01  7.4506616e-02 
   253 :  2.3490130e-02  9.1306992e-01 
   254 : -3.8950871e-01  5.6824453e-01 
   255 :  6.4722736e-01  5.2655100e-01 
   256 : -4.6261331e-01  4.9111827e-01 
   257 :  6.2192951e-01  7.3276511e-01 
   258 :  1.1096759e-01  2.8527006e-01 
   259 :  6.2191934e-01  6.0865400e-01 
   260 : -5.4373991e-01  4.1032761e-01 
   261 :  7.8711763e-01  1.2141882e-01 
   262 :  5.6842460e-01  6.8614831e-01 
   263 :  5.4505192e-01  8.1680787e-01 
   264 : -6.2822308e-01  3.2630450e-01 
   265 :  8.3887097e-01  2.0802289e-01 
   266 : -8.5752073e-01  1.0057842e-01 
   267 :  7.7847939e-01  2.8560241e-01 
   268 :  1.1638457e+00  3.9310093e-02 
   269 :  1.1650720e+00  1.6174779e-01 
   270 : -7.1113736e-01  2.4038879e-01 
   271 :  4.9517850e-01  7.4055509e-01 
   272 :  9.1709617e-01  1.6978602e-01 
   273 :  4.6493705e-01  8.7295689e-01 
   274 :  1.4147472e-01  9.4204341e-01 
   275 :  7.4849405e-01  3.8011363e-01 
   276 :  6.9853105e-01  2.2402191e-01 
   277 :  6.5979954e-01  3.4543343e-01 
   278 :  7.4304679e-01  4.9142041e-01 
   279 :  4.1450924e-01  7.9308701e-01 
   280 :  9.6197117e-01  1.1111076e-01 
   281 :  3.6418577e-01  9.1520139e-01 
   282 :  1.1201451e+00  1.7362590e-01 
   283 :  1.1231512e+00  2.9955416e-02 
   284 :  7.2658618e-01  6.1046205e-01 
   285 :  1.1224418e+00  1.0756104e-01 
   286 :  6.6002197e-01  6.9277989e-01 
   287 :  4.6296477e-02  8.4506128e-01 
   288 :  1.0684560e+00  3.5738542e-02 
   289 :  1.0676948e+00  1.6532598e-01 
   290 :  2.7388347e-01  9.3143571e-01 
   291 :  9.5907218e-01  4.1518031e-02 
   292 :  1.0232176e+00  3.8509383e-02 
   293 :  1.1642980e+00  1.2847113e-01 
   294 :  1.1669305e+00  7.5471555e-02 
   295 :  6.7882091e-01  2.6036183e-01 
   296 :  1.3166784e-01  7.1715678e-01 
   297 :  3.3405098e-01  8.2781910e-01 
   298 :  1.1110808e+00  7.2807811e-02 
   299 :  6.4085833e-01  4.7185838e-01 
   300 :  1.5949664e-01  8.5518719e-01 
   301 :  1.2744117e-01  4.4562470e-01 
   302 :  1.2411308e-01  5.7869949e-01 
   303 :  1.0812169e+00  7.2390039e-02 
   304 :  1.0715977e+00  1.2765306e-01 
   305 :  6.0368616e-01  7.8646736e-01 
   306 :  2.4702494e-01  8.6607798e-01 
   307 :  1.0268134e+00  9.4011869e-02 
   308 :  1.0359178e+00  1.6905386e-01 
   309 :  8.5620593e-01  1.3966137e-01 
   310 :  7.5031429e-01  1.5478959e-01 
   311 :  8.4721956e-01  6.8196043e-02 
   312 :  9.7709146e-01  6.8949313e-02 
   313 : -3.0084124e-01  5.7370114e-01 
   314 :  7.7297689e-02  9.4049577e-01 
   315 :  6.2231108e-01  5.4514613e-01 
   316 :  5.1027189e-01  8.5951686e-01 
   317 :  5.7587096e-01  6.4629575e-01 
   318 :  1.0168585e+00  1.2292054e-01 
   319 : -1.1345902e-01  8.9382375e-01 
   320 : -7.6866796e-01  1.5579541e-01 
   321 :  1.4448449e-01  5.9944174e-02 
   322 :  5.1777522e-01  7.1261853e-01 
   323 : -9.2043916e-01  8.6598221e-02 
   324 :  4.8493567e-02  6.9628692e-01 
   325 : -5.6438695e-02  8.3837940e-01 
   326 :  9.8062556e-01  1.2862722e-01 
   327 :  7.8356343e-01  1.9210502e-01 
   328 :  8.7224089e-02  6.2664431e-02 
   329 : -1.4263838e-01  7.6542421e-01 
   330 :  7.3788905e-02  4.3635614e-01 
   331 :  9.7775689e-01  1.6738373e-01 
   332 : -6.9084039e-02  9.3416521e-01 
   333 :  7.9205213e-02  5.5526557e-01 
   334 :  7.5460337e-01  2.2955673e-01 
   335 :  4.1568291e-01  8.9537239e-01 
   336 :  1.1059430e+00  1.2316099e-01 
   337 :  9.1674913e-01  9.6562205e-02 
   338 :  1.1894331e-01  1.3991071e-01 
   339 :  7.8786252e-02  3.2735128e-01 
   340 :  7.1567769e-01  3.3423535e-01 
   341 :  4.4692531e-01  7.6199826e-01 
   342 : -1.7678865e-01  8.0606391e-01 
   343 : -1.1749439e-02  9.3576814e-01 
   344 :  6.6029345e-01  4.0092863e-01 
   345 :  8.1299809e-01  2.7755408e-01 
   346 :  1.1333800e+00  8.5545860e-02 
   347 :  7.1382410e-01  3.0038561e-01 
   348 :  7.3199864e-02  2.5628051e-01 
   349 :  8.6659143e-01  1.0219315e-01 
   350 :  9.3094074e-01  1.4208033e-01 
   351 : -2.1505255e-01  6.9296894e-01 
   352 :  7.2591191e-02  1.4725132e-01 
   353 :  7.7512542e-01  3.6337534e-01 
   354 :  6.7776051e-01  5.1120634e-01 
   355 : -3.8960082e-01  6.3626210e-01 
   356 :  3.1603406e-01  9.3055505e-01 
   357 : -2.6065354e-01  7.2895136e-01 
   358 :  6.9011258e-01  4.1729842e-01 
   359 :  8.0375664e-01  1.0713216e-01 
   360 :  1.3098858e-01  3.3308805e-01 
   361 : -3.7776113e-01  5.0133009e-01 
   362 :  1.0948102e+00  1.8071889e-01 
   363 :  1.0979514e+00  2.1300470e-02 
   364 :  6.5960839e-01  6.1531360e-01 
   365 :  8.7753929e-01  2.0361854e-01 
   366 :  1.3856309e-01  8.0666518e-01 
   367 :  7.1254253e-01  1.8589455e-01 
   368 :  8.8743797e-01  1.5130082e-01 
   369 :  1.1441882e+00  1.7650869e-01 
   370 :  1.1408356e+00  2.0261321e-02 
   371 :  7.4815524e-01  4.6667605e-01 
   372 : -4.7017039e-01  5.6043187e-01 
   373 :  7.8273801e-01  3.1445023e-01 
   374 : -5.3737191e-01  3.3979703e-01 
   375 :  3.7085448e-01  8.0432046e-01 
   376 :  8.3108246e-01  1.3867468e-01 
   377 :  7.7435301e-01  4.1914095e-01 
   378 :  7.8457277e-01  1.5766536e-01 
   379 : -4.5493070e-01  4.2189965e-01 
   380 : -6.3589913e-01  3.9594582e-01 
   381 : -5.5121184e-01  4.7954743e-01 
   382 :  2.8942841e-01  8.3116372e-01 
   383 :  9.4574741e-01  1.8662096e-01 
   384 :  6.1057630e-01  7.0402792e-01 
   385 : -6.2177733e-01  2.5484007e-01 
   386 :  6.5696645e-01  3.1375056e-01 
   387 :  1.0157611e+00  7.5554857e-02 
   388 :  8.4363242e-01  2.3987957e-01 
   389 :  9.8391199e-02  8.2620662e-01 
   390 : -7.2272238e-01  3.0925521e-01 
   391 : -7.4041969e-03  8.6031874e-01 
   392 :  9.8895431e-01  1.7251472e-02 
   393 :  7.5748857e-01  5.2986665e-01 
   394 :  7.3719035e-01  5.8389472e-01 
   395 :  8.3392012e-01  1.7763443e-01 
   396 :  7.1720204e-01  6.3633070e-01 
   397 :  6.8815156e-01  6.7712907e-01 
   398 :  1.1158594e+00  1.4835250e-01 
   399 :  5.3201283e-01  7.7005414e-01 
   400 :  1.1777376e+00  1.0759902e-01 
   401 :  4.7601576e-02  6.4737083e-01 
   402 :  1.5572482e-01  5.1307065e-01 
   403 :  1.5296451e-01  6.4533848e-01 
   404 :  6.0333351e-02  7.9817154e-01 
   405 :  7.0310916e-01  4.6207283e-01 
   406 :  6.6003496e-01  7.3048328e-01 
   407 :  5.7696824e-02  7.6464502e-02 
   408 :  1.5060358e-01  3.9964178e-01 
   409 :  5.2421774e-02  4.8203393e-01 
   410 :  5.9109508e-01  8.1659312e-01 
   411 :  1.0343310e+00  1.0956631e-01 
   412 : -3.3368986e-01  6.7632702e-01 
   413 : -7.9453713e-02  7.9150219e-01 
   414 : -1.5455243e-01  8.7795285e-01 
   415 :  1.5499059e-01  9.0215785e-01 
   416 :  1.1825579e+00  5.8037155e-02 
   417 :  1.1822678e+00  1.4279705e-01 
   418 :  1.0093935e+00  1.7837824e-01 
   419 :  9.9745965e-01  7.2048403e-02 
   420 :  9.0901292e-01  1.9697487e-01 
   421 :  1.4538236e-01  7.6234170e-01 
   422 :  1.1455947e+00  1.1887440e-01 
   423 :  4.4112122e-01  8.3121832e-01 
   424 :  4.4432833e-02  6.0033590e-01 
   425 :  7.7364964e-01  2.4484261e-01 
   426 :  6.2306725e-01  4.4171286e-01 
   427 : -8.0515079e-01  2.1998672e-01 
   428 :  7.1149499e-01  5.0232242e-01 
   429 : -1.5700647e-01  7.0984399e-01 
   430 : -8.2537146e-01  6.0831522e-02 
   431 :  6.5065665e-01  2.6902640e-01 
   432 :  2.1026719e-01  8.4557923e-01 
   433 :  7.4181876e-01  3.5510504e-01 
   434 :  4.5580440e-02  3.7823298e-01 
   435 :  8.1861414e-01  1.9300969e-01 
   436 : -8.4264646e-01  1.6458347e-01 
   437 :  7.5193461e-01  2.9872973e-01 
   438 :  7.2587447e-01  4.0379841e-01 
   439 :  7.0861587e-01  5.6875716e-01 
   440 :  9.3540700e-01  2.8699406e-02 
   441 :  6.9016697e-01  6.2350191e-01 
   442 :  1.0773664e+00  5.1170257e-02 
   443 :  1.0759077e+00  1.4685732e-01 
   444 :  2.8318344e-02  9.5964406e-01 
   445 :  1.1817717e+00  1.9688907e-02 
   446 :  1.1820361e+00  1.8041833e-01 
   447 :  6.5909599e-01  6.7228879e-01 
   448 : -2.5394216e-01  6.2391028e-01 
   449 :  1.1176054e+00  5.3647876e-02 
   450 :  1.4764880e-01  1.0256376e-01 
   451 :  6.1961212e-01  4.9671847e-01 
   452 :  3.4910393e-01  8.7145444e-01 
   453 :  1.0235784e+00  1.4313678e-01 
   454 :  6.3288223e-01  7.6449522e-01 
   455 : -2.4983014e-01  7.8121959e-01 
   456 :  9.1186840e-01  7.5919058e-02 
   457 :  5.9254254e-01  5.8149823e-01 
   458 : -9.8581725e-01  5.3523355e-02 
   459 :  4.9622527e-01  8.8351286e-01 
   460 :  5.0074019e-02  2.0137483e-01 
   461 :  8.1835337e-01  7.7371832e-02 
   462 :  7.0516091e-02  8.9678802e-01 
   463 :  8.6590787e-01  4.9398844e-02 
   464 :  6.0677002e-02  3.2325736e-02 
   465 : -4.3125526e-01  5.9893066e-01 
   466 :  5.4562738e-01  8.5633665e-01 
   467 :  6.6931733e-01  4.6955918e-01 
   468 :  6.4338787e-01  5.5046740e-01 
   469 :  1.4967730e-01  1.7689904e-01 
   470 : -3.4816357e-01  5.4031277e-01 
   471 :  7.0478455e-01  2.5151836e-01 
   472 :  1.1170154e+00  9.0723219e-02 
   473 :  6.6851307e-01  2.3095385e-01 
   474 :  6.3572974e-01  5.7554279e-01 
   475 :  1.0032661e+00  1.7539182e-02 
   476 :  6.2867824e-01  6.4343529e-01 
   477 :  2.6090681e-01  9.0265221e-01 
   478 : -4.1523265e-01  4.6196376e-01 
   479 :  5.7043653e-01  7.9077508e-01 
   480 :  1.5425731e-01  2.8852974e-01 
   481 :  6.4026554e-01  6.9823561e-01 
   482 :  5.3159575e-01  6.7487359e-01 
   483 :  1.1652342e+00  1.4463162e-01 
   484 :  1.1645955e+00  5.8100728e-02 
   485 :  7.5347179e-01  1.1839025e-01 
   486 :  1.1839314e+00  8.8407213e-02 
   487 :  8.9467788e-01  9.8892411e-02 
   488 :  5.9223169e-01  7.3875345e-01 
   489 :  6.5200817e-01  4.9502459e-01 
   490 :  1.0774800e+00  1.8427022e-01 
   491 :  1.0772239e+00  1.6794995e-02 
   492 :  6.1916541e-01  5.2429069e-01 
   493 : -5.1039640e-01  5.2015995e-01 
   494 :  8.6127152e-01  2.2245804e-01 
   495 : -4.9576267e-01  3.8124286e-01 
   496 :  1.0360747e-01  9.6646369e-01 
   497 :  2.3520462e-01  9.5836761e-01 
   498 :  7.3130118e-01  4.6202115e-01 
   499 :  1.0448056e+00  1.9625473e-02 
   500 :  9.4384812e-01  1.1479384e-01 
   501 :  7.2872438e-01  2.1527431e-01 
   502 : -7.8484177e-01  1.1112944e-01 
   503 :  7.1566150e-01  1.5427442e-01 
   504 :  1.2077842e-01  4.3372328e-02 
   505 : -8.9632163e-01  1.2489988e-01 
   506 :  8.9742080e-01  4.5428328e-02 
   507 : -5.9342873e-01  4.3790057e-01 
   508 :  1.0756611e+00  8.9158807e-02 
   509 :  5.9888262e-01  6.6980209e-01 
   510 : -8.9009997e-01  4.6419967e-02 
   511 :  8.1250753e-01  1.2017640e-01 
   512 :  4.0001378e-01  9.3097036e-01 
   513 :  6.9554815e-01  3.5227087e-01 
   514 : -9.8516934e-03  9.0326847e-01 
   515 :  1.0572620e+00  7.7900660e-02 
   516 :  4.8228537e-01  8.3851769e-01 
   517 :  1.0531513e+00  1.7989184e-01 
   518 : -5.7956803e-01  2.9755638e-01 
   519 :  4.1691000e-01  7.7124265e-01 
   520 :  1.1499525e+00  7.9711301e-02 
   521 : -6.7953409e-01  3.5261341e-01 
   522 : -7.0008331e-01  1.7146605e-01 
   523 :  5.5274035e-01  7.2511852e-01 
   524 :  8.0278261e-01  2.9231521e-01 
   525 :  5.1702162e-01  8.0562020e-01 
   526 :  5.7525836e-01  6.0598338e-01 
   527 :  1.6473549e-01  7.0630412e-01 
   528 :  5.2417444e-01  7.3660004e-01 
   529 :  4.8766348e-01  7.0968457e-01 
   530 :  8.0637942e-01  1.3980949e-01 
   531 :  1.0973430e+00  7.5068495e-02 
   532 :  6.7635058e-01  5.5171176e-01 
   533 :  1.1306545e+00  1.6024826e-01 
   534 :  1.1301760e+00  4.0913669e-02 
   535 :  1.1641665e+00  1.8001231e-01 
   536 :  1.1632019e+00  1.9920068e-02 
   537 :  7.7350913e-01  1.0164247e-01 
   538 :  1.6809882e-01  9.6630357e-01 
   539 :  1.0506665e+00  1.2339503e-01 
   540 :  1.6367849e-01  4.6683141e-01 
   541 :  1.5986968e-01  6.1278381e-01 
   542 :  7.7407767e-01  3.9086236e-01 
   543 :  6.8823212e-01  2.8649062e-01 
   544 :  1.6064250e-01  5.7223134e-01 
   545 :  4.5374722e-01  9.0595315e-01 
   546 :  1.1137683e+00  1.5390338e-02 
   547 :  1.1136472e+00  1.8370381e-01 
   548 :  1.1147283e-01  9.2128876e-01 
   549 :  9.7886739e-01  1.4679726e-01 
   550 :  5.4568574e-01  6.4424430e-01 
   551 : -4.9944273e-02  9.6610328e-01 
   552 :  1.0483401e+00  4.4412332e-02 
   553 :  1.2927029e-01  8.4041034e-01 
   554 :  9.3857821e-01  1.6529757e-01 
   555 :  9.3699502e-02  6.8897009e-01 
   556 :  9.7755755e-01  9.0071598e-02 
   557 :  4.8917220e-01  7.6900312e-01 
   558 :  1.0458348e+00  1.4888887e-01 
   559 :  8.4585443e-01  1.6116499e-01 
   560 :  9.8004041e-01  4.8539153e-02 
   561 : -7.6552016e-01  2.6482343e-01 
   562 :  8.2281448e-01  2.2480681e-01 
   563 :  8.6819939e-02  4.6615446e-01 
   564 :  5.3452001e-02  5.3282217e-01 
   565 : -8.3802472e-02  8.6706031e-01 
   566 :  6.9026632e-01  1.9656250e-01 
   567 :  3.8149714e-01  8.8429697e-01 
   568 :  6.2652377e-01  4.1380748e-01 
   569 :  1.1268659e+00  1.2868031e-01 
   570 :  4.3003085e-01  8.6320620e-01 
   571 :  8.9223850e-01  1.7925277e-01 
   572 :  9.6702338e-01  2.3227973e-02 
   573 :  7.6503637e-01  5.0300221e-01 
   574 :  1.0151648e+00  1.0977594e-01 
   575 :  6.3088614e-01  3.5887987e-01 
   576 :  9.5735698e-01  9.0518833e-02 
   577 :  1.0886297e-01  3.1562789e-01 
   578 :  4.4729598e-01  7.9850342e-01 
   579 :  3.4466109e-01  9.4483404e-01 
   580 :  3.4165882e-01  8.0636741e-01 
   581 :  9.8795005e-01  1.8392798e-01 
   582 :  7.2524979e-02  9.6790795e-01 
   583 :  3.9448061e-02  2.9350146e-01 
   584 :  7.4781520e-01  5.5703388e-01 
   585 :  8.5430338e-01  1.8972930e-01 
   586 :  7.7324333e-01  4.4785456e-01 
   587 :  9.2441933e-01  1.9211677e-01 
   588 :  8.6382263e-02  5.9192808e-01 
   589 :  5.0437120e-02  7.4394036e-01 
   590 :  7.1037500e-01  6.5308301e-01 
   591 :  9.5035647e-01  6.4567557e-02 
   592 :  7.3031926e-01  3.8447275e-01 
   593 : -3.1183536e-01  6.1867715e-01 
   594 :  1.1008465e-01  2.4161900e-01 
   595 :  2.9457038e-01  9.5464723e-01 
   596 :  1.0834980e+00  2.8597873e-02 
   597 :  1.0850879e+00  1.6625150e-01 
   598 : -3.0975614e-01  7.3358010e-01 
   599 :  2.6016308e-01  8.2598266e-01 
   600 :  4.0653422e-01  8.2130527e-01 
   601 :  6.7626380e-01  3.3406313e-01 
   602 :  6.3589504e-01  3.3592110e-01 
   603 :  3.3282449e-01  9.0143947e-01 
   604 : -1.3327454e-01  7.9674171e-01 
   605 :  6.8391896e-01  7.0792397e-01 
   606 :  9.9816945e-01  1.1017050e-01 
   607 : -2.0074267e-01  6.5482177e-01 
   608 :  2.2948948e-01  9.1613649e-01 
   609 :  9.4903780e-02  7.3293080e-01 
   610 :  1.1095299e+00  1.1032280e-01 
   611 :  2.9566282e-01  9.1782791e-01 
   612 :  8.6886176e-01  7.2883573e-02 
   613 :  1.1391237e+00  1.0238931e-01 
   614 :  1.1835970e+00  7.5957242e-02 
   615 :  1.1812825e+00  1.2466093e-01 
   616 :  1.1069911e+00  3.6942498e-02 
   617 :  1.1060661e+00  1.6370951e-01 
   618 :  3.6261819e-01  8.4036837e-01 
   619 :  9.6737257e-01  1.8412553e-01 
   620 :  8.3923746e-02  8.6070299e-01 
   621 :  7.6672696e-01  1.7383997e-01 
   622 :  4.2757550e-02  1.2470849e-01 
   623 :  9.6638518e-01  1.2539023e-01 
   624 :  6.0783314e-01  8.0445442e-01 
   625 :  9.7512722e-02  1.6195285e-01 
   626 :  3.4528547e-02  8.7999512e-01 
   627 :  1.2434686e-01  6.8641124e-01 
   628 : -6.6283405e-01  2.1209213e-01 
   629 :  6.2052986e-01  4.6861019e-01 
   630 :  1.0965324e+00  5.8676386e-02 
   631 :  8.9380930e-02  4.0761396e-01 
   632 :  1.1820029e+00  3.9243798e-02 
   633 :  1.1823233e+00  1.6126501e-01 
   634 :  1.0889126e+00  1.1635738e-01 
   635 :  7.8761217e-01  2.2628727e-01 
   636 :  1.1285341e+00  7.3168238e-02 
   637 :  7.5777777e-01  2.6196568e-01 
   638 :  1.0833123e+00  1.3231631e-01 
   639 :  1.7293292e-01  4.3952088e-01 
   640 :  9.2339812e-01  1.1897798e-01 
   641 : -2.2266609e-01  7.2571114e-01 
   642 :  3.1361052e-01  8.1539112e-01 
   643 :  9.2622172e-01  4.8525337e-02 
   644 : -8.4477687e-02  9.0676422e-01 
   645 :  7.3365127e-01  3.1549520e-01 
   646 :  1.2644039e-01  4.8838272e-01 
   647 :  6.4954198e-01  2.4906811e-01 
   648 :  3.9110055e-01  7.8519245e-01 
   649 :  1.9093175e-01  8.8281205e-01 
   650 :  8.7920412e-01  1.2893964e-01 
   651 : -1.4725274e-02  9.6640720e-01 
   652 :  1.1259789e+00  1.1331051e-02 
   653 :  1.1298231e+00  1.8264635e-01 
   654 :  1.0235382e+00  1.9109329e-02 
   655 :  3.1906318e-01  8.5494230e-01 
   656 : -1.1068308e-01  9.3657767e-01 
   657 :  1.1719193e+00  9.1908506e-02 
   658 :  7.2904674e-01  2.4725880e-01 
   659 :  1.6460978e-01  9.3378168e-01 
   660 :  1.1609413e+00  1.1269282e-01 
   661 :  1.3043203e-01  6.0753603e-01 
   662 : -1.0403078e+00  3.4059209e-02 
   663 : -3.5472888e-01  5.9865309e-01 
   664 :  7.0851635e-01  2.7094393e-01 
   665 :  6.0797380e-01  6.4527948e-01 
   666 :  1.0480026e+00  9.4473724e-02 
   667 :  7.2272521e-01  4.7864617e-01 
   668 :  1.7669730e-01  8.1593154e-01 
   669 :  8.5096727e-01  1.1854227e-01 
   670 :  6.0925692e-01  5.5826558e-01 
   671 :  8.4109468e-01  8.9435210e-02 
   672 :  5.2906751e-01  8.7002086e-01 
   673 :  1.0299170e+00  1.8163976e-01 
   674 :  6.7966396e-01  4.4423232e-01 
   675 :  5.9959940e-01  7.6366145e-01 
   676 : -4.4846691e-02  9.3433349e-01 
   677 :  6.5820506e-01  6.4488957e-01 
   678 : -4.2513919e-01  5.3041960e-01 
   679 :  8.4945027e-01  5.2398235e-02 
   680 : -1.9415984e-01  8.5219322e-01 
   681 :  1.6934800e-01  7.3895507e-01 
   682 :  9.1219616e-01  2.7150930e-02 
   683 :  1.7244505e-01  7.7917721e-01 
   684 :  1.0141929e+00  9.2799710e-02 
   685 :  2.7864410e-01  8.6164690e-01 
   686 :  7.6918608e-01  1.3798837e-01 
   687 : -2.9452194e-01  7.6692196e-01 
   688 :  6.6923770e-01  3.6959558e-01 
   689 :  4.6913675e-01  7.3148573e-01 
   690 : -9.3745637e-01  4.5475454e-02 
   691 :  2.2296281e-01  8.8919284e-01 
   692 :  8.7093691e-01  1.5454380e-01 
   693 :  1.4463640e-01  8.7852527e-01 
   694 : -5.0308596e-01  4.5074441e-01 
   695 :  1.0035956e+00  1.3145700e-01 
   696 :  5.0841319e-01  6.9057821e-01 
   697 :  1.0321416e+00  8.2866428e-02 
   698 :  1.6478316e-01  3.4954551e-01 
   699 :  9.2669921e-02  3.5814452e-02 
   700 :  1.5288527e-02  8.3444775e-01 
   701 :  1.0198061e+00  5.8011039e-02 
   702 :  7.3386865e-01  1.3645375e-01 
   703 :  1.0670914e+00  1.1051727e-01 
   704 :  9.6006609e-01  1.6409991e-01 
   705 :  5.3167089e-02  9.2746704e-01 
   706 :  8.0772808e-01  2.4252244e-01 
   707 :  1.6832494e-01  1.3734660e-01 
   708 :  3.5122731e-02  2.6736716e-02 
   709 :  8.3160822e-01  1.5407828e-01 
   710 :  5.2646875e-01  8.3887233e-01 
   711 :  6.5766853e-01  7.5232378e-01 
   712 : -3.6514040e-02  8.2269061e-01 
   713 :  5.7759991e-01  7.6654220e-01 
   714 :  1.0641935e+00  1.8101272e-02 
   715 :  9.9486072e-01  1.6528254e-01 
   716 :  1.5788636e-01  4.4569750e-02 
   717 :  1.1516826e+00  1.3022265e-01 
   718 : -8.8801562e-01  7.7855299e-02 
   719 :  9.7997626e-01  1.0997028e-01 
   720 :  1.7618140e-01  2.9922324e-02 
   721 :  8.9805484e-02  2.8707859e-01 
   722 :  2.9400319e-02  1.5556491e-01 
   723 :  9.5285705e-01  1.7612594e-02 
   724 :  4.2375083e-02  5.5844043e-01 
   725 :  1.0029353e+00  3.5012022e-02 
   726 : -8.1944214e-02  9.5700690e-01 
   727 :  2.7036773e-02  2.4672791e-01 
   728 :  1.1400065e-01  5.4006444e-01 
   729 :  1.0290494e+00  1.2767839e-01 
   730 :  2.0071571e-01  9.6247993e-01 
   731 :  8.0109915e-01  1.7626892e-01 
   732 :  1.0889067e-01  7.9127959e-02 
   733 :  1.0172711e+00  1.5953361e-01 
   734 :  2.7433135e-01  9.7015654e-01 
   735 :  7.6815932e-01  2.0992868e-01 
   736 :  5.8114697e-01  7.1303973e-01 
   737 :  7.3231564e-01  1.7195227e-01 
   738 : -1.3670536e-01  9.0937548e-01 
   739 :  4.3247459e-02  4.3880036e-01 
   740 : -1.0968977e-01  7.4110232e-01 
   741 : -1.6580095e-01  6.7347166e-01 
   742 :  5.9493084e-01  6.2793198e-01 
   743 :  1.1522483e+00  1.6135041e-01 
   744 :  1.1500302e+00  4.2030160e-02 
   745 : -1.1856858e-01  8.6919211e-01 
   746 :  7.9386860e-01  8.7378302e-02 
   747 : -5.8625334e-01  3.6816117e-01 
   748 :  7.6322672e-01  3.1348598e-01 
   749 : -4.9692571e-02  8.6618680e-01 
   750 :  7.9342653e-01  2.6149003e-01 
   751 : -7.2713867e-01  1.4325504e-01 
   752 :  7.8020751e-01  3.3841411e-01 
   753 :  7.0327203e-01  1.6835153e-01 
   754 :  1.0623411e+00  1.3630078e-01 
   755 :  7.4648885e-01  2.4606142e-01 
   756 :  8.0307379e-01  2.0907993e-01 
   757 :  9.3708553e-01  9.3502053e-02 
   758 :  6.9796413e-01  5.2647419e-01 
   759 :  3.6740559e-01  9.5266670e-01 
   760 :  1.0992397e+00  1.3947167e-01 
   761 :  1.0650950e+00  1.8809103e-01 
   762 :  6.4740541e-01  4.5356196e-01 
   763 :  7.7015022e-01  4.7588768e-01 
   764 :  9.0891491e-01  1.4680856e-01 
   765 : -9.5487340e-01  9.3973011e-02 
   766 :  9.8475991e-01  3.0094635e-02 
   767 :  9.2190149e-01  6.1498539e-02 
   768 :  5.0015971e-01  7.2084041e-01 
   769 :  1.0662710e+00  6.2111600e-02 
   770 : -3.3274150e-01  5.6970585e-01 
   771 :  4.8573914e-01  9.0265982e-01 
   772 :  5.5780753e-01  6.2817815e-01 
   773 : -2.1413494e-01  8.2625302e-01 
   774 :  2.2287408e-01  8.2475700e-01 
   775 : -7.4713571e-01  1.9715610e-01 
   776 :  1.7433910e-01  3.1754400e-01 
   777 :  7.1622104e-01  3.7077652e-01 
   778 : -2.6923258e-01  5.7940666e-01 
   779 :  6.2359596e-01  7.8659739e-01 
   780 :  8.2748483e-01  2.5828680e-01 
   781 : -8.2824738e-01  1.2245463e-01 
   782 : -6.7101862e-01  2.8270933e-01 
   783 :  1.2543370e-02  9.3523175e-01 
   784 :  8.1661219e-01  9.9055964e-02 
   785 :  6.3031564e-01  3.8480933e-01 
   786 :  8.3231658e-01  6.1892529e-02 
   787 :  6.6636833e-01  5.2819991e-01 
   788 :  5.6763367e-01  8.3636706e-01 
   789 :  9.1225369e-01  6.2383244e-02 
   790 :  5.0989818e-01  8.2708893e-01 
   791 :  7.4982729e-01  4.1180412e-01 
   792 :  5.5514819e-01  6.6181535e-01 
   793 :  4.2977925e-01  9.3033137e-01 
   794 :  1.0849356e+00  6.0842921e-02 
   795 :  1.5343173e-01  2.3252851e-01 
   796 :  1.1294216e-01  8.0200745e-01 
   797 :  2.6135775e-02  3.3996954e-01 
   798 :  6.5272336e-01  2.9387032e-01 
   799 :  6.9767481e-01  5.9667133e-01 
   800 : -1.6454646e-01  8.4363897e-01 
   801 :  5.4244697e-01  6.9989126e-01 
   802 :  1.3540264e-01  9.6708034e-01 
   803 :  7.3353786e-01  5.1634786e-01 
   804 :  6.7312952e-01  2.0420591e-01 
   805 :  6.9756218e-02  5.2765132e-01 
   806 :  7.4910937e-01  4.4035364e-01 
   807 :  6.9574483e-01  3.1831271e-01 
   808 :  7.3182606e-01  2.7631373e-01 
   809 : -8.5551363e-02  8.3394763e-01 
Number of edges 208 
     0 :      0     14 
     1 :     14     15 
     2 :     15     16 
     3 :     16     17 
     4 :     17     18 
     5 :     18     19 
     6 :     19     20 
     7 :     20     21 
     8 :     21     22 
     9 :     22     23 
    10 :     23     24 
    11 :     24     25 
    12 :     25     26 
    13 :     26     27 
    14 :     27     28 
    15 :     28      1 
    16 :      1     29 
    17 :     29     30 
    18 :     30     31 
    19 :     31     32 
    20 :     32     33 
    21 :     33      2 
    22 :      2     34 
    23 :     34     35 
    24 :     35     36 
    25 :     36     37 
    26 :     37     38 
    27 :     38     39 
    28 :     39     40 
    29 :     40     41 
    30 :     41     42 
    31 :     42     43 
    32 :     43     44 
    33 :     44     45 
    34 :     45     46 
    35 :     46     47 
    36 :     47     48 
    37 :     48     49 
    38 :     49     50 
    39 :     50      3 
    40 :      3     51 
    41 :     51     52 
    42 :     52     53 
    43 :     53     54 
    44 :     54     55 
    45 :     55     56 
    46 :     56     57 
    47 :     57     58 
    48 :     58     59 
    49 :     59     60 
    50 :     60     61 
    51 :     61     62 
    52 :     62     63 
    53 :     63     64 
    54 :     64     65 
    55 :     65     66 
    56 :     66     67 
    57 :     67      4 
    58 :      4     68 
    59 :     68     69 
    60 :     69     70 
    61 :     70     71 
    62 :     71     72 
    63 :     72     73 
    64 :     73     74 
    65 :     74     75 
    66 :     75     76 
    67 :     76     77 
    68 :     77     78 
    69 :     78     79 
    70 :     79     80 
    71 :     80     81 
    72 :     81     82 
    73 :     82     83 
    74 :     83     84 
    75 :     84     85 
    76 :     85     86 
    77 :     86     87 
    78 :     87     88 
    79 :     88      5 
    80 :      5     89 
    81 :     89     90 
    82 :     90     91 
    83 :     91     92 
    84 :     92     93 
    85 :     93     94 
    86 :     94     95 
    87 :     95     96 
    88 :     96     97 
    89 :     97      6 
    90 :      6     98 
    91 :     98     99 
    92 :     99    100 
    93 :    100    101 
    94 :    101    102 
    95 :    102    103 
    96 :    103    104 
    97 :    104    105 
    98 :    105    106 
    99 :    106      7 
   100 :      7    107 
   101 :    107    108 
   102 :    108    109 
   103 :    109    110 
   104 :    110    111 
   105 :    111    112 
   106 :    112    113 
   107 :    113    114 
   108 :    114    115 
   109 :    115      8 
   110 :      8    116 
   111 :    116    117 
   112 :    117    118 
   113 :    118    119 
   114 :    119    120 
   115 :    120    121 
   116 :    121    122 
   117 :    122    123 
   118 :    123    124 
   119 :    124    125 
   120 :    125    126 
   121 :    126      9 
   122 :      9    127 
   123 :    127    128 
   124 :    128    129 
   125 :    129    130 
   126 :    130    131 
   127 :    131    132 
   128 :    132    133 
   129 :    133    134 
   130 :    134    135 
   131 :    135    136 
   132 :    136    137 
   133 :    137    138 
   134 :    138    139 
   135 :    139    140 
   136 :    140    141 
   137 :    141    142 
   138 :    142    143 
   139 :    143    144 
   140 :    144    145 
   141 :    145    146 
   142 :    146    147 
   143 :    147    148 
   144 :    148    149 
   145 :    149    150 
   146 :    150    151 
   147 :    151    152 
   148 :    152    153 
   149 :    153     10 
   150 :     10    154 
   151 :    154    155 
   152 :    155    156 
   153 :    156    157 
   154 :    157    158 
   155 :    158    159 
   156 :    159    160 
   157 :    160     11 
   158 :     11    161 
   159 :    161    162 
   160 :    162    163 
   161 :    163    164 
   162 :    164    165 
   163 :    165    166 
   164 :    166    167 
   165 :    167    168 
   166 :    168    169 
   167 :    169    170 
   168 :    170    171 
   169 :    171    172 
   170 :    172    173 
   171 :    173    174 
   172 :    174    175 
   173 :    175    176 
   174 :    176    177 
   175 :    177    178 
   176 :    178    179 
   177 :    179    180 
   178 :    180    181 
   179 :    181    182 
   180 :    182    183 
   181 :    183     12 
   182 :     12    184 
   183 :    184    185 
   184 :    185    186 
   185 :    186    187 
   186 :    187    188 
   187 :    188     13 
   188 :     13    189 
   189 :    189    190 
   190 :    190    191 
   191 :    191    192 
   192 :    192    193 
   193 :    193    194 
   194 :    194    195 
   195 :    195    196 
   196 :    196    197 
   197 :    197    198 
   198 :    198    199 
   199 :    199    200 
   200 :    200    201 
   201 :    201    202 
   202 :    202    203 
   203 :    203    204 
   204 :    204    205 
   205 :    205    206 
   206 :    206    207 
   207 :    207      0 
Number of quads 705 
     0 :    647     72     73    473
     1 :    506    463     83     84
     2 :    630    231    616    449
     3 :    255    468    315    492
     4 :    329    604    342    246
     5 :    169    355    412    168
     6 :    570    273    545    335
     7 :    689    271    557    341
     8 :    107    108    535    446
     9 :     97    445    536     96
    10 :    339    240    631    434
    11 :    456    224    757    337
    12 :    171    372    465    170
    13 :    127    377    542      9
    14 :    401     16     17    424
    15 :    246    641    351    429
    16 :    338    469    241    625
    17 :    154    538    730     10
    18 :    131    393    573    130
    19 :    286    481    216    447
    20 :    520    242    613    346
    21 :    337    640    210    487
    22 :    746    537     79     80
    23 :    570    335    567    223
    24 :    135    396    284    134
    25 :    212    438    245    358
    26 :     79    537    485     78
    27 :    439    248    584    394
    28 :    237    419    312    560
    29 :    246    455    357    641
    30 :    209    556    312    419
    31 :    240    360    698    408
    32 :    351    641    357    250
    33 :    326    549    225    623
    34 :    769    552    288    442
    35 :    609    233    404    589
    36 :    682    506     84     85
    37 :    433    353    542    275
    38 :    754    443    289    558
    39 :    460    241    594    348
    40 :    524    267    750    345
    41 :    739    409     19     20
    42 :    119    120    494    365
    43 :    621    378    731    327
    44 :    343    676    227    514
    45 :    349    487    210    650
    46 :    467    213    354    489
    47 :    451    492     64     65
    48 :    276    471    295    473
    49 :    241    460    352    625
    50 :    344    358    674    251
    51 :    441    396    590    249
    52 :    579    151    595    356
    53 :    702    503     76     77
    54 :    421    366    796    233
    55 :    388    121    122    780
    56 :    136    137    605    397
    57 :    346    472    298    636
    58 :    309    376    230    669
    59 :    119    365    571    420
    60 :    346    613    285    472
    61 :    351    250    448    607
    62 :    441    249    677    364
    63 :    353    752    125    126
    64 :    368    650    210    764
    65 :    102    103    615    400
    66 :     67    426    629     66
    67 :    357    598    412    250
    68 :    340    513    601    807
    69 :     92     93    546    363
    70 :    793    148    149    512
    71 :    427    179    180    436
    72 :    470    254    678    361
    73 :    465    372    678    254
    74 :    678    256    478    361
    75 :    214    364    259    474
    76 :    199    361    478    198
    77 :    278    371    763    573
    78 :    239    433    340    645
    79 :    656    726     11    161
    80 :    195    374    518    194
    81 :    370     95     96    536
    82 :    369    535    108    109
    83 :    216    476    677    447
    84 :    111    112    490    362
    85 :    341    578    279    519
    86 :    124    373    267    524
    87 :    338    625    352    235
    88 :    197    379    495    196
    89 :    338    235    732    450
    90 :     16    401    324     15
    91 :    228    685    382    655
    92 :    747    380    521    264
    93 :    746    359    261    537
    94 :    501    367    737    229
    95 :    406    257    384    481
    96 :    757    500    640    337
    97 :    373    124    125    752
    98 :    336    610    285    569
    99 :    353    433    239    752
   100 :    678    372    493    256
   101 :    393    803    278    573
   102 :    747    264    518    374
   103 :    406    711    454    257
   104 :    300    553    366    668
   105 :    339    577    360    240
   106 :    707    450     35     36
   107 :    709    211    530    376
   108 :    478    256    694    379
   109 :    571    365    585    236
   110 :    175    380    507    174
   111 :     70    602    575     69
   112 :    469    795    594    241
   113 :    173    381    493    172
   114 :    498    245    806    371
   115 :     88      5    475    392
   116 :    407    328    732    235
   117 :    189    430    188     13
   118 :    480    360    577    258
   119 :    298    472    208    531
   120 :    495    379    694    260
   121 :    256    493    381    694
   122 :    507    260    694    381
   123 :    368    692    309    650
   124 :    306    691    649    432
   125 :    481    384    509    216
   126 :    795    469     37     38
   127 :    501    276    566    367
   128 :    602     70    798    386
   129 :    345    780    122    123
   130 :    404    233    796    389
   131 :    347    807    234    543
   132 :     75    753    367    566
   133 :    653    282    533    369
   134 :    447    397    605    286
   135 :    648    279    600    375
   136 :    102    400    657    486
   137 :    480    258    594    795
   138 :    334    501    229    735
   139 :    535    369    743    269
   140 :    536    268    744    370
   141 :    684    387    697    307
   142 :    553    215    620    389
   143 :    655    382    642    297
   144 :    571    236    692    368
   145 :    233    609    296    421
   146 :    582    314    548    496
   147 :    213    428    758    354
   148 :    451     65     66    629
   149 :    208    634    703    508
   150 :    362    597    232    617
   151 :    363    616    231    596
   152 :    481    286    605    406
   153 :    414    738    162    163
   154 :    479    410    788    263
   155 :    207    413    740    206
   156 :    177    390    521    176
   157 :    362    617    282    547
   158 :    363    546    283    616
   159 :    488    217    523    736
   160 :    533    282    617    398
   161 :    618    297    580    375
   162 :    190    502    430    189
   163 :    377    791    275    542
   164 :    604    413    809    238
   165 :    365    494    265    585
   166 :    782    390    561    270
   167 :    626    391    700    287
   168 :    355    465    254    663
   169 :    219    484    294    520
   170 :    457    259    742    526
   171 :    782    270    628    385
   172 :    587    272    554    383
   173 :    584    248    803    393
   174 :    494    388    562    265
   175 :    712    391    749    325
   176 :    246    429    740    329
   177 :     45    402    540     44
   178 :    301    631    240    408
   179 :    260    747    374    495
   180 :     48    403    541     47
   181 :    566    276    473    804
   182 :    415    548    215    693
   183 :    404    389    620    287
   184 :    145    459    316    672
   185 :    407    464    699    328
   186 :    385    518    264    782
   187 :    509    384    736    262
   188 :    585    395    559    236
   189 :    601    277    602    386
   190 :    479    263    525    399
   191 :    219    520    346    636
   192 :    260    507    380    747
   193 :    631    330    739    434
   194 :    604    329    740    413
   195 :    404      0     14    589
   196 :    227    749    391    514
   197 :    193    385    628    192
   198 :    557    271    528    399
   199 :    208    508    303    531
   200 :     21     22    797    434
   201 :    245    498    667    405
   202 :    133    394    584    132
   203 :    361    199    200    470
   204 :    712      0    700    391
   205 :    326    695    247    549
   206 :    419    237    701    387
   207 :    383    117    118    587
   208 :    651    159    160    551
   209 :    355    169    170    465
   210 :    295    471    664    543
   211 :    324    401    244    555
   212 :    438    791    806    245
   213 :    534    449    616    283
   214 :    100    416    632     99
   215 :    104    105    633    417
   216 :    249    590    136    397
   217 :    489    255    492    451
   218 :    533    398    569    218
   219 :    506    252    612    463
   220 :    435    395    585    265
   221 :    323    505    181    765
   222 :    337    487    252    456
   223 :    179    427    561    178
   224 :    316    459    273    516
   225 :    589    324    555    609
   226 :    372    171    172    493
   227 :    727    583     23     24
   228 :    739    330    563    409
   229 :    569    398    760    336
   230 :    379    197    198    478
   231 :    373    748    437    267
   232 :    264    521    390    782
   233 :    445     98     99    632
   234 :    446    633    105    106
   235 :     63    457    526     62
   236 :    657    400    660    242
   237 :    343    514    253    783
   238 :    349    612    252    487
   239 :    261    530    378    686
   240 :    615    293    660    400
   241 :    758    428    803    248
   242 :    358    344    688    212
   243 :    281    579    356    603
   244 :    399    525    222    557
   245 :    412    355    663    593
   246 :    388    494    120    121
   247 :    230    376    530    511
   248 :    158    444    582    157
   249 :    375     54     55    648
   250 :    374    195    196    495
   251 :    672    316    710    466
   252 :    484    268    632    416
   253 :    483    417    633    269
   254 :    395    435    731    211
   255 :    431     71     72    647
   256 :    220    515    666    697
   257 :    483    293    615    417
   258 :    484    416    614    294
   259 :    563    243    805    409
   260 :    712    325    809    413
   261 :    368    764    272    571
   262 :    516    423    578    222
   263 :    399    528    523    217
   264 :     62    526    772     61
   265 :      0    404    287    700
   266 :    510    430    266    718
   267 :     60    482    696     59
   268 :    356    595    290    611
   269 :    659    415    649    226
   270 :    225    549    331    704
   271 :    390    177    178    561
   272 :    381    173    174    507
   273 :    588    424    724    333
   274 :    289    517    308    558
   275 :    587    420    571    272
   276 :    231    442    288    596
   277 :    232    597    289    443
   278 :    448    250    412    593
   279 :    569    285    613    422
   280 :    600    279    578    423
   281 :    341    519     55     56
   282 :    436    180    181    505
   283 :    255    489    354    787
   284 :    516    273    570    423
   285 :    501    334    755    658
   286 :    205    429    741    204
   287 :    341     56     57    689
   288 :     12    184    662    183
   289 :    138    139    711    406
   290 :    115      8    581    418
   291 :    168    412    598    167
   292 :    385    193    194    518
   293 :    548    415    659    274
   294 :    211    731    378    530
   295 :    548    314    705    462
   296 :    245    405    674    358
   297 :    548    274    802    496
   298 :    696    482    801    322
   299 :    327    735    229    621
   300 :    474    468    532    214
   301 :    119    420    587    118
   302 :    309    559    709    376
   303 :    745    319    738    414
   304 :    479    305    624    410
   305 :    750    267    637    425
   306 :    401    424    588    244
   307 :    330    631    301    563
   308 :    430    510    187    188
   309 :    603    452    567    281
   310 :    449    534    744    219
   311 :    380    175    176    521
   312 :    382    685    306    599
   313 :    359    784    230    511
   314 :    345    123    124    524
   315 :    774    432    668      3
   316 :    440     86     87    723
   317 :    567    452    618    223
   318 :    536    445    632    268
   319 :    535    269    633    446
   320 :    745    414    800    238
   321 :    681     50    683    421
   322 :    728    243    646    402
   323 :    348    594    258    721
   324 :    539    221    729    411
   325 :    695    453    733    247
   326 :    382     52     53    642
   327 :    161    162    738    656
   328 :    403     48     49    527
   329 :    635    706    750    425
   330 :    673    418    733    308
   331 :    423    570    223    600
   332 :    408    698     41     42
   333 :    387    684    209    419
   334 :    568    251    762    426
   335 :    730    538    659    226
   336 :    448    202    203    607
   337 :    192    628    522    191
   338 :    386    234    807    601
   339 :    369    109    110    653
   340 :    370    652     94     95
   341 :     91    714    499     90
   342 :    569    422    717    218
   343 :    485    702     77     78
   344 :    687    166    167    598
   345 :    671    461    786    311
   346 :    574    411    729    318
   347 :    561    427    775    270
   348 :    353    126      9    542
   349 :    362    547    110    111
   350 :    402     45     46    544
   351 :     39     40    776    480
   352 :    792    482     60    550
   353 :    802    274    659    538
   354 :    436    320    775    427
   355 :    219    636    298    449
   356 :    613    242    660    422
   357 :    225    350    640    500
   358 :    113    114    517    761
   359 :    592    275    791    438
   360 :     60     61    772    550
   361 :    185    186    690    458
   362 :    473    295    431    647
   363 :    321    716     35    450
   364 :    629    426    762    299
   365 :    391    626    253    514
   366 :    455    773    164    165
   367 :    649    415    693    300
   368 :    788    466    710    263
   369 :     47    541    544     46
   370 :    375    580     53     54
   371 :     89     90    499    654
   372 :    448    778    201    202
   373 :     92    363    596    491
   374 :    359    511    530    261
   375 :    619    581      8    116
   376 :    410    142    143    788
   377 :    377    127    128    586
   378 :    408     42     43    639
   379 :    471    276    501    658
   380 :    463    679     82     83
   381 :    459    771    545    273
   382 :    278    803    428    667
   383 :    733    418    715    247
   384 :    505    266    781    436
   385 :    382    599     51     52
   386 :    598    357    455    687
   387 :    410    624    141    142
   388 :    426     67      4    568
   389 :    396    441    799    284
   390 :    190    191    522    751
   391 :    370    283    546    652
   392 :    452    603    228    655
   393 :    405    667    428    213
   394 :    668    432    649    300
   395 :    512    759    579    281
   396 :    335    512    281    567
   397 :    222    578    341    557
   398 :     10    730    497    153
   399 :     30    464    708     29
   400 :    779    305    675    454
   401 :    608    226    649    691
   402 :    468    474    670    315
   403 :    394    284    799    439
   404 :    719    280    576    556
   405 :    489    451    629    299
   406 :    378    621    310    686
   407 :     28    407    622     27
   408 :    645    437    748    239
   409 :    364    214    799    441
   410 :    285    610    208    472
   411 :    794    303    769    442
   412 :    496    156    157    582
   413 :    638    443    754    304
   414 :    532    439    799    214
   415 :    398    617    232    760
   416 :    190    751    320    502
   417 :    556    576    591    312
   418 :    397    447    677    249
   419 :    102    486    614    101
   420 :    259    364    677    476
   421 :    645    347    808    437
   422 :    303    794    630    531
   423 :    383    619    116    117
   424 :    450    707    469    338
   425 :    393    131    132    584
   426 :    558    453    729    221
   427 :    280    719    326    623
   428 :    618    452    655    297
   429 :    593    313    778    448
   430 :    506    682    440    643
   431 :    396    135    136    590
   432 :    548    462    620    215
   433 :    454    711    139    140
   434 :     32    504    699     31
   435 :    418    673    114    115
   436 :    731    435    756    327
   437 :    394    133    134    284
   438 :    246    342    773    455
   439 :    725    237    560    766
   440 :    757    224    591    576
   441 :    440    682     85     86
   442 :    433    777    513    340
   443 :    362    490    289    597
   444 :    726    656    644    332
   445 :    705    253    626    462
   446 :    695    318    729    453
   447 :    688    513    777    212
   448 :    406    605    137    138
   449 :    537    261    686    485
   450 :    213    467    674    405
   451 :    581    619    704    331
   452 :    725    475    654    292
   453 :    228    611    290    477
   454 :      5     89    654    475
   455 :    144    466    788    143
   456 :    184    185    458    662
   457 :    558    308    733    453
   458 :    218    743    369    533
   459 :    283    370    744    534
   460 :    440    291    591    643
   461 :    612    311    679    463
   462 :    145    146    771    459
   463 :    461    746     80     81
   464 :    477    290    497    608
   465 :    371    278    667    498
   466 :    228    477    306    685
   467 :    220    697    387    701
   468 :    416    100    101    614
   469 :    417    615    103    104
   470 :     64    492    315    670
   471 :    702    310    737    503
   472 :    225    500    280    623
   473 :    476    216    509    665
   474 :    506    789    456    252
   475 :    350    554    272    764
   476 :    489    299    762    467
   477 :    674    467    762    251
   478 :    183    662    458    182
   479 :    242    520    294    657
   480 :    552    499    714    288
   481 :    583    727    460    348
   482 :    331    549    247    715
   483 :    614    486    657    294
   484 :    460    727     24     25
   485 :    497    290    595    734
   486 :    454    140    141    779
   487 :     19    409    805    564
   488 :    608    497    730    226
   489 :    596    288    714    491
   490 :    431    798     70     71
   491 :    259    476    665    742
   492 :    444    158    159    651
   493 :    461    671    230    784
   494 :    228    603    356    611
   495 :    460     25     26    722
   496 :    608    691    306    477
   497 :    208    610    336    634
   498 :    454    675    488    257
   499 :    130    573    763    129
   500 :    690    510    718    323
   501 :    366    553    389    796
   502 :    399    217    713    479
   503 :    705    444    783    253
   504 :    148    793    545    147
   505 :    466    144    145    672
   506 :     92    491    714     91
   507 :     19    564    724     18
   508 :    244    661    541    403
   509 :    732    328    699    504
   510 :    291    560    312    591
   511 :    490    761    517    289
   512 :    457     63     64    670
   513 :    461    784    359    746
   514 :    156    496    802    155
   515 :    421    296    527    681
   516 :    279    648     55    519
   517 :    455    165    166    687
   518 :    200    313    770    470
   519 :    112    113    761    490
   520 :    218    483    269    743
   521 :    219    744    268    484
   522 :    349    671    311    612
   523 :    792    262    801    482
   524 :    508    515    769    303
   525 :    529     58     59    696
   526 :    431    295    543    798
   527 :    552    292    654    499
   528 :    686    310    702    485
   529 :    461     81     82    786
   530 :    510    690    186    187
   531 :    218    717    293    483
   532 :    766    392    475    725
   533 :    457    670    474    259
   534 :    408    639    540    301
   535 :    350    225    704    554
   536 :    688    575    602    277
   537 :    449    298    531    630
   538 :    464     30     31    699
   539 :    558    221    539    754
   540 :    257    488    736    384
   541 :    146    147    545    771
   542 :    473     73     74    804
   543 :    403    527    296    627
   544 :    720     34     35    716
   545 :    413    207      0    712
   546 :    619    383    554    704
   547 :    429    205    206    740
   548 :    424     17     18    724
   549 :    469    707     36     37
   550 :    434    739     20     21
   551 :     50      3    668    683
   552 :     11    726    551    160
   553 :     44    540    639     43
   554 :    703    634    638    304
   555 :    609    555    627    296
   556 :    248    439    532    758
   557 :    403    627    555    244
   558 :    436    781    502    320
   559 :    402    646    301    540
   560 :    323    718    266    505
   561 :    586    128    129    763
   562 :     28      1     29    708
   563 :    515    508    703    666
   564 :     32     33    720    716
   565 :    155    802    538    154
   566 :     75     76    503    753
   567 :    114    673    308    517
   568 :    255    787    532    468
   569 :    450    732    504    321
   570 :    251    568    785    344
   571 :    480    795     38     39
   572 :     88    572    723     87
   573 :    440    723    572    291
   574 :    425    334    735    635
   575 :    601    513    688    277
   576 :     93     94    652    546
   577 :    282    653    110    547
   578 :    258    577    339    721
   579 :     50    681    527     49
   580 :    737    367    753    503
   581 :     34    720     33      2
   582 :     68    785    568      4
   583 :    243    563    301    646
   584 :    460    722    622    352
   585 :    421    683    668    366
   586 :     32    716    321    504
   587 :    529    696    322    768
   588 :    462    626    287    620
   589 :    265    562    756    435
   590 :     27    622    722     26
   591 :    544    541    661    302
   592 :     58    529    689     57
   593 :    349    650    309    669
   594 :    322    528    271    768
   595 :    411    666    703    539
   596 :    220    701    292    552
   597 :    525    790    516    222
   598 :    152    153    497    734
   599 :    211    709    559    395
   600 :    651    551    676    343
   601 :    375    600    223    618
   602 :    754    539    703    304
   603 :    150    759    512    149
   604 :    430    502    781    266
   605 :    297    642     53    580
   606 :    317    509    262    792
   607 :    552    769    515    220
   608 :    163    164    773    680
   609 :    402    544    302    728
   610 :    432    774    599    306
   611 :    763    371    806    586
   612 :    676    551    726    332
   613 :    300    693    215    553
   614 :    628    270    775    522
   615 :    349    669    230    671
   616 :    444    705    314    582
   617 :    690    323    765    458
   618 :    736    523    801    262
   619 :    751    522    775    320
   620 :    204    741    607    203
   621 :    411    574    684    307
   622 :    689    529    768    271
   623 :    429    351    607    741
   624 :    236    559    309    692
   625 :    528    322    801    523
   626 :    244    588    302    661
   627 :     88    392    766    572
   628 :    411    307    697    666
   629 :    407     28    708    464
   630 :    742    317    772    526
   631 :    217    488    675    713
   632 :    644    565    749    227
   633 :    606    209    684    574
   634 :    758    532    787    354
   635 :    434    797    583    339
   636 :    422    660    293    717
   637 :    792    550    772    317
   638 :    275    592    777    433
   639 :    332    644    227    676
   640 :     69    575    785     68
   641 :    444    651    343    783
   642 :     22     23    583    797
   643 :    562    388    780    706
   644 :    386    798    543    234
   645 :    512    335    545    793
   646 :    331    715    418    581
   647 :    470    770    663    254
   648 :    809    325    749    565
   649 :    724    564    805    333
   650 :    348    721    339    583
   651 :    163    680    800    414
   652 :    574    318    695    606
   653 :    644    656    738    319
   654 :    644    319    745    565
   655 :    572    766    560    291
   656 :    267    437    808    637
   657 :    181    182    458    765
   658 :    588    333    728    302
   659 :    500    757    576    280
   660 :    565    745    238    809
   661 :    556    209    606    719
   662 :     15    324    589     14
   663 :    350    764    210    640
   664 :    688    344    785    575
   665 :    151    579    759    150
   666 :    591    224    767    643
   667 :    695    326    719    606
   668 :    263    710    790    525
   669 :    442    231    630    794
   670 :    151    152    734    595
   671 :    800    680    773    342
   672 :     75    566    804     74
   673 :    235    352    622    407
   674 :    292    701    237    725
   675 :    200    201    778    313
   676 :    334    425    637    755
   677 :    791    377    586    806
   678 :      3     51    599    774
   679 :    438    212    777    592
   680 :    310    621    229    737
   681 :    238    800    342    604
   682 :    593    663    770    313
   683 :    808    658    755    637
   684 :    735    327    756    635
   685 :    479    713    675    305
   686 :    634    336    760    638
   687 :    562    706    635    756
   688 :    305    779    141    624
   689 :    443    638    760    232
   690 :    509    317    742    665
   691 :     40     41    698    776
   692 :    728    333    805    243
   693 :    780    345    750    706
   694 :    480    776    698    360
   695 :    347    645    340    807
   696 :    506    643    767    789
   697 :    224    456    789    767
   698 :    471    658    808    664
   699 :    516    790    710    316
   700 :    311    786     82    679
   701 :    543    664    808    347
   702 :    373    752    239    748
   703 :    107    446    106      7
   704 :     98    445     97      6
Number of domains 14
  Domain :      0 
  Name : Rectangle left
  Number of elements :     16
     0     1     2     3     4     5     6     7     8     9
    10    11    12    13    14    15
  Domain :      1 
  Name : Rectangle bottom
  Number of elements :      6
    16    17    18    19    20    21
  Domain :      2 
  Name : Rectangle right
  Number of elements :     18
    22    23    24    25    26    27    28    29    30    31
    32    33    34    35    36    37    38    39
  Domain :      3 
  Name : Arc 1
  Number of elements :     18
    40    41    42    43    44    45    46    47    48    49
    50    51    52    53    54    55    56    57
  Domain :      4 
  Name : Arc 2
  Number of elements :     22
    58    59    60    61    62    63    64    65    66    67
    68    69    70    71    72    73    74    75    76    77
    78    79
  Domain :      5 
  Name : Small rectangle bottom
  Number of elements :     10
    80    81    82    83    84    85    86    87    88    89
  Domain :      6 
  Name : Small rectangle right
  Number of elements :     10
    90    91    92    93    94    95    96    97    98    99
  Domain :      7 
  Name : Small rectangle top
  Number of elements :     10
   100   101   102   103   104   105   106   107   108   109
  Domain :      8 
  Name : Arc3
  Number of elements :     12
   110   111   112   113   114   115   116   117   118   119
   120   121
  Domain :      9 
  Name : Arc4
  Number of elements :     28
   122   123   124   125   126   127   128   129   130   131
   132   133   134   135   136   137   138   139   140   141
   142   143   144   145   146   147   148   149
  Domain :     10 
  Name : Rectangle top
  Number of elements :      8
   150   151   152   153   154   155   156   157
  Domain :     11 
  Name : Leaning rectangle left
  Number of elements :     24
   158   159   160   161   162   163   164   165   166   167
   168   169   170   171   172   173   174   175   176   177
   178   179   180   181
  Domain :     12 
  Name : Leaning rectangle bottom
  Number of elements :      6
   182   183   184   185   186   187
  Domain :     13 
  Name : Leaning rectangle right
  Number of elements :     20
   188   189   190   191   192   193   194   195   196   197
   198   199   200   201   202   203   204   205   206   207
